1000.000000000000000 0.000000000000000 0.000003214926000 0.000003214926000
1000.000000000000000 0.000000122100122 0.000003214926000 0.000003214926000
1000.000000000000000 0.000000244200244 0.000003214926000 0.000003214926000
1000.000000000000000 0.000000366300366 0.000003214926000 0.000003214926000
1000.000000000000000 0.000000488400488 0.000003214926000 0.000003214926000
1000.000000000000000 0.000000610500611 0.000003214926000 0.000003214926000
1000.000000000000000 0.000000732600733 0.000003214926000 0.000003214926000
1000.000000000000000 0.000000854700855 0.000003214926000 0.000003214926000
1000.000000000000000 0.000000976800977 0.000003214926000 0.000003214926000
1000.000000000000000 0.000001098901099 0.000003214926000 0.000003214926000
1000.000000000000000 0.000001221001221 0.000003214926000 0.000003214926000
1000.000000000000000 0.000001343101343 0.000003214926000 0.000003214926000
1000.000000000000000 0.000001465201465 0.000003214926000 0.000003214926000
1000.000000000000000 0.000001587301587 0.000003214926000 0.000003214926000
1000.000000000000000 0.000001709401709 0.000003214926000 0.000003214926000
1000.000000000000000 0.000001831501832 0.000003214926000 0.000003214926000
1000.000000000000000 0.000001953601954 0.000003214926000 0.000003214926000
1000.000000000000000 0.000002075702076 0.000003214926000 0.000003214926000
1000.000000000000000 0.000002197802198 0.000003214926000 0.000003214926000
1000.000000000000000 0.000002319902320 0.000003214926000 0.000003214926000
1000.000000000000000 0.000002442002442 0.000003214926000 0.000003214926000
1000.000000000000000 0.000002564102564 0.000003214926000 0.000003214926000
1000.000000000000000 0.000002686202686 0.000003214926000 0.000003214926000
1000.000000000000000 0.000002808302808 0.000003214926000 0.000003214926000
1000.000000000000000 0.000002930402930 0.000003214926000 0.000003214926000
1000.000000000000000 0.000003052503053 0.000003214926000 0.000003214926000
1000.000000000000000 0.000003174603175 0.000003214926000 0.000003214926000
1000.000000000000000 0.000003296703297 0.000003214926000 0.000003214926000
1000.000000000000000 0.000003418803419 0.000003214926000 0.000003214926000
1000.000000000000000 0.000003540903541 0.000003214926000 0.000003214926000
1000.000000000000000 0.000003663003663 0.000003214926000 0.000003214926000
1000.000000000000000 0.000003785103785 0.000003214926000 0.000003214926000
1000.000000000000000 0.000003907203907 0.000003214926000 0.000003214926000
1000.000000000000000 0.000004029304029 0.000003214926000 0.000003214926000
1000.000000000000000 0.000004151404151 0.000003214926000 0.000003214926000
1000.000000000000000 0.000004273504274 0.000003214926000 0.000003214926000
1000.000000000000000 0.000004395604396 0.000003214926000 0.000003214926000
1000.000000000000000 0.000004517704518 0.000003214926000 0.000003214926000
1000.000000000000000 0.000004639804640 0.000003214926000 0.000003214926000
1000.000000000000000 0.000004761904762 0.000003214926000 0.000003214926000
1000.000000000000000 0.000004884004884 0.000003214926000 0.000003214926000
1000.000000000000000 0.000005006105006 0.000003214926000 0.000003214926000
1000.000000000000000 0.000005128205128 0.000003214926000 0.000003214926000
1000.000000000000000 0.000005250305250 0.000003214926000 0.000003214926000
1000.000000000000000 0.000005372405372 0.000003214926000 0.000003214926000
1000.000000000000000 0.000005494505495 0.000003214926000 0.000003214926000
1000.000000000000000 0.000005616605617 0.000003214926000 0.000003214926000
1000.000000000000000 0.000005738705739 0.000003214926000 0.000003214926000
1000.000000000000000 0.000005860805861 0.000003214926000 0.000003214926000
1000.000000000000000 0.000005982905983 0.000003214926000 0.000003214926000
1000.000000000000000 0.000006105006105 0.000003214926000 0.000003214926000
1000.000000000000000 0.000006227106227 0.000003214926000 0.000003214926000
1000.000000000000000 0.000006349206349 0.000003214926000 0.000003214926000
1000.000000000000000 0.000006471306471 0.000003214926000 0.000003214926000
1000.000000000000000 0.000006593406593 0.000003214926000 0.000003214926000
1000.000000000000000 0.000006715506716 0.000003214926000 0.000003214926000
1000.000000000000000 0.000006837606838 0.000003214926000 0.000003214926000
1000.000000000000000 0.000006959706960 0.000003214926000 0.000003214926000
1000.000000000000000 0.000007081807082 0.000003214926000 0.000003214926000
1000.000000000000000 0.000007203907204 0.000003214926000 0.000003214926000
1000.000000000000000 0.000007326007326 0.000003214926000 0.000003214926000
1000.000000000000000 0.000007448107448 0.000003214926000 0.000003214926000
1000.000000000000000 0.000007570207570 0.000003214926000 0.000003214926000
1000.000000000000000 0.000007692307692 0.000003214926000 0.000003214926000
1000.000000000000000 0.000007814407814 0.000003214926000 0.000003214926000
1000.000000000000000 0.000007936507937 0.000003214926000 0.000003214926000
1000.000000000000000 0.000008058608059 0.000003214926000 0.000003214926000
1000.000000000000000 0.000008180708181 0.000003214926000 0.000003214926000
1000.000000000000000 0.000008302808303 0.000003214926000 0.000003214926000
1000.000000000000000 0.000008424908425 0.000003214926000 0.000003214926000
1000.000000000000000 0.000008547008547 0.000003214926000 0.000003214926000
1000.000000000000000 0.000008669108669 0.000003214926000 0.000003214926000
1000.000000000000000 0.000008791208791 0.000003214926000 0.000003214926000
1000.000000000000000 0.000008913308913 0.000003214926000 0.000003214926000
1000.000000000000000 0.000009035409035 0.000003214926000 0.000003214926000
1000.000000000000000 0.000009157509158 0.000003214926000 0.000003214926000
1000.000000000000000 0.000009279609280 0.000003214926000 0.000003214926000
1000.000000000000000 0.000009401709402 0.000003214926000 0.000003214926000
1000.000000000000000 0.000009523809524 0.000003214926000 0.000003214926000
1000.000000000000000 0.000009645909646 0.000003214926000 0.000003214926000
1000.000000000000000 0.000009768009768 0.000003214926000 0.000003214926000
1000.000000000000000 0.000009890109890 0.000003214926000 0.000003214926000
1000.000000000000000 0.000010012210012 0.000003214926000 0.000003214926000
1000.000000000000000 0.000010134310134 0.000003214926000 0.000003214926000
1000.000000000000000 0.000010256410256 0.000003214926000 0.000003214926000
1000.000000000000000 0.000010378510379 0.000003214926000 0.000003214926000
1000.000000000000000 0.000010500610501 0.000003214926000 0.000003214926000
1000.000000000000000 0.000010622710623 0.000003214926000 0.000003214926000
1000.000000000000000 0.000010744810745 0.000003214926000 0.000003214926000
1000.000000000000000 0.000010866910867 0.000003214926000 0.000003214926000
1000.000000000000000 0.000010989010989 0.000003214926000 0.000003214926000
1000.000000000000000 0.000011111111111 0.000003214926000 0.000003214926000
1000.000000000000000 0.000011233211233 0.000003214926000 0.000003214926000
1000.000000000000000 0.000011355311355 0.000003214926000 0.000003214926000
1000.000000000000000 0.000011477411477 0.000003214926000 0.000003214926000
1000.000000000000000 0.000011599511600 0.000003214926000 0.000003214926000
1000.000000000000000 0.000011721611722 0.000003214926000 0.000003214926000
1000.000000000000000 0.000011843711844 0.000003214926000 0.000003214926000
1000.000000000000000 0.000011965811966 0.000003214926000 0.000003214926000
1000.000000000000000 0.000012087912088 0.000003214926000 0.000003214926000
1000.000000000000000 0.000012210012210 0.000003214926000 0.000003214926000
1000.000000000000000 0.000012332112332 0.000003214926000 0.000003214926000
1000.000000000000000 0.000012454212454 0.000003214926000 0.000003214926000
1000.000000000000000 0.000012576312576 0.000003214926000 0.000003214926000
1000.000000000000000 0.000012698412698 0.000003214926000 0.000003214926000
1000.000000000000000 0.000012820512821 0.000003214926000 0.000003214926000
1000.000000000000000 0.000012942612943 0.000003214926000 0.000003214926000
1000.000000000000000 0.000013064713065 0.000003214926000 0.000003214926000
1000.000000000000000 0.000013186813187 0.000003214926000 0.000003214926000
1000.000000000000000 0.000013308913309 0.000003214926000 0.000003214926000
1000.000000000000000 0.000013431013431 0.000003214926000 0.000003214926000
1000.000000000000000 0.000013553113553 0.000003214926000 0.000003214926000
1000.000000000000000 0.000013675213675 0.000003214926000 0.000003214926000
1000.000000000000000 0.000013797313797 0.000003214926000 0.000003214926000
1000.000000000000000 0.000013919413919 0.000003214926000 0.000003214926000
1000.000000000000000 0.000014041514042 0.000003214926000 0.000003214926000
1000.000000000000000 0.000014163614164 0.000003214926000 0.000003214926000
1000.000000000000000 0.000014285714286 0.000003214926000 0.000003214926000
1000.000000000000000 0.000014407814408 0.000003214926000 0.000003214926000
1000.000000000000000 0.000014529914530 0.000003214926000 0.000003214926000
1000.000000000000000 0.000014652014652 0.000003214926000 0.000003214926000
1000.000000000000000 0.000014774114774 0.000003214926000 0.000003214926000
1000.000000000000000 0.000014896214896 0.000003214926000 0.000003214926000
1000.000000000000000 0.000015018315018 0.000003214926000 0.000003214926000
1000.000000000000000 0.000015140415140 0.000003214926000 0.000003214926000
1000.000000000000000 0.000015262515263 0.000003214926000 0.000003214926000
1000.000000000000000 0.000015384615385 0.000003214926000 0.000003214926000
1000.000000000000000 0.000015506715507 0.000003214926000 0.000003214926000
1000.000000000000000 0.000015628815629 0.000003214926000 0.000003214926000
1000.000000000000000 0.000015750915751 0.000003214926000 0.000003214926000
1000.000000000000000 0.000015873015873 0.000003214926000 0.000003214926000
1000.000000000000000 0.000015995115995 0.000003214926000 0.000003214926000
1000.000000000000000 0.000016117216117 0.000003214926000 0.000003214926000
1000.000000000000000 0.000016239316239 0.000003214926000 0.000003214926000
1000.000000000000000 0.000016361416361 0.000003214926000 0.000003214926000
1000.000000000000000 0.000016483516484 0.000003214926000 0.000003214926000
1000.000000000000000 0.000016605616606 0.000003214926000 0.000003214926000
1000.000000000000000 0.000016727716728 0.000003214926000 0.000003214926000
1000.000000000000000 0.000016849816850 0.000003214926000 0.000003214926000
1000.000000000000000 0.000016971916972 0.000003214926000 0.000003214926000
1000.000000000000000 0.000017094017094 0.000003214926000 0.000003214926000
1000.000000000000000 0.000017216117216 0.000003214926000 0.000003214926000
1000.000000000000000 0.000017338217338 0.000003214926000 0.000003214926000
1000.000000000000000 0.000017460317460 0.000003214926000 0.000003214926000
1000.000000000000000 0.000017582417582 0.000003214926000 0.000003214926000
1000.000000000000000 0.000017704517705 0.000003214926000 0.000003214926000
1000.000000000000000 0.000017826617827 0.000003214926000 0.000003214926000
1000.000000000000000 0.000017948717949 0.000003214926000 0.000003214926000
1000.000000000000000 0.000018070818071 0.000003214926000 0.000003214926000
1000.000000000000000 0.000018192918193 0.000003214926000 0.000003214926000
1000.000000000000000 0.000018315018315 0.000003214926000 0.000003214926000
1000.000000000000000 0.000018437118437 0.000003214926000 0.000003214926000
1000.000000000000000 0.000018559218559 0.000003214926000 0.000003214926000
1000.000000000000000 0.000018681318681 0.000003214926000 0.000003214926000
1000.000000000000000 0.000018803418803 0.000003214926000 0.000003214926000
1000.000000000000000 0.000018925518926 0.000003214926000 0.000003214926000
1000.000000000000000 0.000019047619048 0.000003214926000 0.000003214926000
1000.000000000000000 0.000019169719170 0.000003214926000 0.000003214926000
1000.000000000000000 0.000019291819292 0.000003214926000 0.000003214926000
1000.000000000000000 0.000019413919414 0.000003214926000 0.000003214926000
1000.000000000000000 0.000019536019536 0.000003214926000 0.000003214926000
1000.000000000000000 0.000019658119658 0.000003214926000 0.000003214926000
1000.000000000000000 0.000019780219780 0.000003214926000 0.000003214926000
1000.000000000000000 0.000019902319902 0.000003214926000 0.000003214926000
1000.000000000000000 0.000020024420024 0.000003214926000 0.000003214926000
1000.000000000000000 0.000020146520147 0.000003214926000 0.000003214926000
1000.000000000000000 0.000020268620269 0.000003214926000 0.000003214926000
1000.000000000000000 0.000020390720391 0.000003214926000 0.000003214926000
1000.000000000000000 0.000020512820513 0.000003214926000 0.000003214926000
1000.000000000000000 0.000020634920635 0.000003214926000 0.000003214926000
1000.000000000000000 0.000020757020757 0.000003214926000 0.000003214926000
1000.000000000000000 0.000020879120879 0.000003214926000 0.000003214926000
1000.000000000000000 0.000021001221001 0.000003214926000 0.000003214926000
1000.000000000000000 0.000021123321123 0.000003214926000 0.000003214926000
1000.000000000000000 0.000021245421245 0.000003214926000 0.000003214926000
1000.000000000000000 0.000021367521368 0.000003214926000 0.000003214926000
1000.000000000000000 0.000021489621490 0.000003214926000 0.000003214926000
1000.000000000000000 0.000021611721612 0.000003214926000 0.000003214926000
1000.000000000000000 0.000021733821734 0.000003214926000 0.000003214926000
1000.000000000000000 0.000021855921856 0.000003214926000 0.000003214926000
1000.000000000000000 0.000021978021978 0.000003214926000 0.000003214926000
1000.000000000000000 0.000022100122100 0.000003214926000 0.000003214926000
1000.000000000000000 0.000022222222222 0.000003214926000 0.000003214926000
1000.000000000000000 0.000022344322344 0.000003214926000 0.000003214926000
1000.000000000000000 0.000022466422466 0.000003214926000 0.000003214926000
1000.000000000000000 0.000022588522589 0.000003214926000 0.000003214926000
1000.000000000000000 0.000022710622711 0.000003214926000 0.000003214926000
1000.000000000000000 0.000022832722833 0.000003214926000 0.000003214926000
1000.000000000000000 0.000022954822955 0.000003214926000 0.000003214926000
1000.000000000000000 0.000023076923077 0.000003214926000 0.000003214926000
1000.000000000000000 0.000023199023199 0.000003214926000 0.000003214926000
1000.000000000000000 0.000023321123321 0.000003214926000 0.000003214926000
1000.000000000000000 0.000023443223443 0.000003214926000 0.000003214926000
1000.000000000000000 0.000023565323565 0.000003214926000 0.000003214926000
1000.000000000000000 0.000023687423687 0.000003214926000 0.000003214926000
1000.000000000000000 0.000023809523810 0.000003214926000 0.000003214926000
1000.000000000000000 0.000023931623932 0.000003214926000 0.000003214926000
1000.000000000000000 0.000024053724054 0.000003214926000 0.000003214926000
1000.000000000000000 0.000024175824176 0.000003214926000 0.000003214926000
1000.000000000000000 0.000024297924298 0.000003214926000 0.000003214926000
1000.000000000000000 0.000024420024420 0.000003214926000 0.000003214926000
1000.000000000000000 0.000024542124542 0.000003214926000 0.000003214926000
1000.000000000000000 0.000024664224664 0.000003214926000 0.000003214926000
1000.000000000000000 0.000024786324786 0.000003214926000 0.000003214926000
1000.000000000000000 0.000024908424908 0.000003214926000 0.000003214926000
1000.000000000000000 0.000025030525031 0.000003214926000 0.000003214926000
1000.000000000000000 0.000025152625153 0.000003214926000 0.000003214926000
1000.000000000000000 0.000025274725275 0.000003214926000 0.000003214926000
1000.000000000000000 0.000025396825397 0.000003214926000 0.000003214926000
1000.000000000000000 0.000025518925519 0.000003214926000 0.000003214926000
1000.000000000000000 0.000025641025641 0.000003214926000 0.000003214926000
1000.000000000000000 0.000025763125763 0.000003214926000 0.000003214926000
1000.000000000000000 0.000025885225885 0.000003214926000 0.000003214926000
1000.000000000000000 0.000026007326007 0.000003214926000 0.000003214926000
1000.000000000000000 0.000026129426129 0.000003214926000 0.000003214926000
1000.000000000000000 0.000026251526252 0.000003214926000 0.000003214926000
1000.000000000000000 0.000026373626374 0.000003214926000 0.000003214926000
1000.000000000000000 0.000026495726496 0.000003214926000 0.000003214926000
1000.000000000000000 0.000026617826618 0.000003214926000 0.000003214926000
1000.000000000000000 0.000026739926740 0.000003214926000 0.000003214926000
1000.000000000000000 0.000026862026862 0.000003214926000 0.000003214926000
1000.000000000000000 0.000026984126984 0.000003214926000 0.000003214926000
1000.000000000000000 0.000027106227106 0.000003214926000 0.000003214926000
1000.000000000000000 0.000027228327228 0.000003214926000 0.000003214926000
1000.000000000000000 0.000027350427350 0.000003214926000 0.000003214926000
1000.000000000000000 0.000027472527473 0.000003214926000 0.000003214926000
1000.000000000000000 0.000027594627595 0.000003214926000 0.000003214926000
1000.000000000000000 0.000027716727717 0.000003214926000 0.000003214926000
1000.000000000000000 0.000027838827839 0.000003214926000 0.000003214926000
1000.000000000000000 0.000027960927961 0.000003214926000 0.000003214926000
1000.000000000000000 0.000028083028083 0.000003214926000 0.000003214926000
1000.000000000000000 0.000028205128205 0.000003214926000 0.000003214926000
1000.000000000000000 0.000028327228327 0.000003214926000 0.000003214926000
1000.000000000000000 0.000028449328449 0.000003214926000 0.000003214926000
1000.000000000000000 0.000028571428571 0.000003214926000 0.000003214926000
1000.000000000000000 0.000028693528694 0.000003214926000 0.000003214926000
1000.000000000000000 0.000028815628816 0.000003214926000 0.000003214926000
1000.000000000000000 0.000028937728938 0.000003214926000 0.000003214926000
1000.000000000000000 0.000029059829060 0.000003214926000 0.000003214926000
1000.000000000000000 0.000029181929182 0.000003214926000 0.000003214926000
1000.000000000000000 0.000029304029304 0.000003214926000 0.000003214926000
1000.000000000000000 0.000029426129426 0.000003214926000 0.000003214926000
1000.000000000000000 0.000029548229548 0.000003214926000 0.000003214926000
1000.000000000000000 0.000029670329670 0.000003214926000 0.000003214926000
1000.000000000000000 0.000029792429792 0.000003214926000 0.000003214926000
1000.000000000000000 0.000029914529915 0.000003214926000 0.000003214926000
1000.000000000000000 0.000030036630037 0.000003214926000 0.000003214926000
1000.000000000000000 0.000030158730159 0.000003214926000 0.000003214926000
1000.000000000000000 0.000030280830281 0.000003214926000 0.000003214926000
1000.000000000000000 0.000030402930403 0.000003214926000 0.000003214926000
1000.000000000000000 0.000030525030525 0.000003214926000 0.000003214926000
1000.000000000000000 0.000030647130647 0.000003214926000 0.000003214926000
1000.000000000000000 0.000030769230769 0.000003214926000 0.000003214926000
1000.000000000000000 0.000030891330891 0.000003214926000 0.000003214926000
1000.000000000000000 0.000031013431013 0.000003214926000 0.000003214926000
1000.000000000000000 0.000031135531136 0.000003214926000 0.000003214926000
1000.000000000000000 0.000031257631258 0.000003214926000 0.000003214926000
1000.000000000000000 0.000031379731380 0.000003214926000 0.000003214926000
1000.000000000000000 0.000031501831502 0.000003214926000 0.000003214926000
1000.000000000000000 0.000031623931624 0.000003214926000 0.000003214926000
1000.000000000000000 0.000031746031746 0.000003214926000 0.000003214926000
1000.000000000000000 0.000031868131868 0.000003214926000 0.000003214926000
1000.000000000000000 0.000031990231990 0.000003214926000 0.000003214926000
1000.000000000000000 0.000032112332112 0.000003214926000 0.000003214926000
1000.000000000000000 0.000032234432234 0.000003214926000 0.000003214926000
1000.000000000000000 0.000032356532357 0.000003214926000 0.000003214926000
1000.000000000000000 0.000032478632479 0.000003214926000 0.000003214926000
1000.000000000000000 0.000032600732601 0.000003214926000 0.000003214926000
1000.000000000000000 0.000032722832723 0.000003214926000 0.000003214926000
1000.000000000000000 0.000032844932845 0.000003214926000 0.000003214926000
1000.000000000000000 0.000032967032967 0.000003214926000 0.000003214926000
1000.000000000000000 0.000033089133089 0.000003214926000 0.000003214926000
1000.000000000000000 0.000033211233211 0.000003214926000 0.000003214926000
1000.000000000000000 0.000033333333333 0.000003214926000 0.000003214926000
1000.000000000000000 0.000033455433455 0.000003214926000 0.000003214926000
1000.000000000000000 0.000033577533578 0.000003214926000 0.000003214926000
1000.000000000000000 0.000033699633700 0.000003214926000 0.000003214926000
1000.000000000000000 0.000033821733822 0.000003214926000 0.000003214926000
1000.000000000000000 0.000033943833944 0.000003214926000 0.000003214926000
1000.000000000000000 0.000034065934066 0.000003214926000 0.000003214926000
1000.000000000000000 0.000034188034188 0.000003214926000 0.000003214926000
1000.000000000000000 0.000034310134310 0.000003214926000 0.000003214926000
1000.000000000000000 0.000034432234432 0.000003214926000 0.000003214926000
1000.000000000000000 0.000034554334554 0.000003214926000 0.000003214926000
1000.000000000000000 0.000034676434676 0.000003214926000 0.000003214926000
1000.000000000000000 0.000034798534799 0.000003214926000 0.000003214926000
1000.000000000000000 0.000034920634921 0.000003214926000 0.000003214926000
1000.000000000000000 0.000035042735043 0.000003214926000 0.000003214926000
1000.000000000000000 0.000035164835165 0.000003214926000 0.000003214926000
1000.000000000000000 0.000035286935287 0.000003214926000 0.000003214926000
1000.000000000000000 0.000035409035409 0.000003214926000 0.000003214926000
1000.000000000000000 0.000035531135531 0.000003214926000 0.000003214926000
1000.000000000000000 0.000035653235653 0.000003214926000 0.000003214926000
1000.000000000000000 0.000035775335775 0.000003214926000 0.000003214926000
1000.000000000000000 0.000035897435897 0.000003214926000 0.000003214926000
1000.000000000000000 0.000036019536020 0.000003214926000 0.000003214926000
1000.000000000000000 0.000036141636142 0.000003214926000 0.000003214926000
1000.000000000000000 0.000036263736264 0.000003214926000 0.000003214926000
1000.000000000000000 0.000036385836386 0.000003214926000 0.000003214926000
1000.000000000000000 0.000036507936508 0.000003214926000 0.000003214926000
1000.000000000000000 0.000036630036630 0.000003214926000 0.000003214926000
1000.000000000000000 0.000036752136752 0.000003214926000 0.000003214926000
1000.000000000000000 0.000036874236874 0.000003214926000 0.000003214926000
1000.000000000000000 0.000036996336996 0.000003214926000 0.000003214926000
1000.000000000000000 0.000037118437118 0.000003214926000 0.000003214926000
1000.000000000000000 0.000037240537241 0.000003214926000 0.000003214926000
1000.000000000000000 0.000037362637363 0.000003214926000 0.000003214926000
1000.000000000000000 0.000037484737485 0.000003214926000 0.000003214926000
1000.000000000000000 0.000037606837607 0.000003214926000 0.000003214926000
1000.000000000000000 0.000037728937729 0.000003214926000 0.000003214926000
1000.000000000000000 0.000037851037851 0.000003214926000 0.000003214926000
1000.000000000000000 0.000037973137973 0.000003214926000 0.000003214926000
1000.000000000000000 0.000038095238095 0.000003214926000 0.000003214926000
1000.000000000000000 0.000038217338217 0.000003214926000 0.000003214926000
1000.000000000000000 0.000038339438339 0.000003214926000 0.000003214926000
1000.000000000000000 0.000038461538462 0.000003214926000 0.000003214926000
1000.000000000000000 0.000038583638584 0.000003214926000 0.000003214926000
1000.000000000000000 0.000038705738706 0.000003214926000 0.000003214926000
1000.000000000000000 0.000038827838828 0.000003214926000 0.000003214926000
1000.000000000000000 0.000038949938950 0.000003214926000 0.000003214926000
1000.000000000000000 0.000039072039072 0.000003214926000 0.000003214926000
1000.000000000000000 0.000039194139194 0.000003214926000 0.000003214926000
1000.000000000000000 0.000039316239316 0.000003214926000 0.000003214926000
1000.000000000000000 0.000039438339438 0.000003214926000 0.000003214926000
1000.000000000000000 0.000039560439560 0.000003214926000 0.000003214926000
1000.000000000000000 0.000039682539683 0.000003214926000 0.000003214926000
1000.000000000000000 0.000039804639805 0.000003214926000 0.000003214926000
1000.000000000000000 0.000039926739927 0.000003214926000 0.000003214926000
1000.000000000000000 0.000040048840049 0.000003214926000 0.000003214926000
1000.000000000000000 0.000040170940171 0.000003214926000 0.000003214926000
1000.000000000000000 0.000040293040293 0.000003214926000 0.000003214926000
1000.000000000000000 0.000040415140415 0.000003214926000 0.000003214926000
1000.000000000000000 0.000040537240537 0.000003214926000 0.000003214926000
1000.000000000000000 0.000040659340659 0.000003214926000 0.000003214926000
1000.000000000000000 0.000040781440781 0.000003214926000 0.000003214926000
1000.000000000000000 0.000040903540904 0.000003214926000 0.000003214926000
1000.000000000000000 0.000041025641026 0.000003214926000 0.000003214926000
1000.000000000000000 0.000041147741148 0.000003214926000 0.000003214926000
1000.000000000000000 0.000041269841270 0.000003214926000 0.000003214926000
1000.000000000000000 0.000041391941392 0.000003214926000 0.000003214926000
1000.000000000000000 0.000041514041514 0.000003214926000 0.000003214926000
1000.000000000000000 0.000041636141636 0.000003214926000 0.000003214926000
1000.000000000000000 0.000041758241758 0.000003214926000 0.000003214926000
1000.000000000000000 0.000041880341880 0.000003214926000 0.000003214926000
1000.000000000000000 0.000042002442002 0.000003214926000 0.000003214926000
1000.000000000000000 0.000042124542125 0.000003214926000 0.000003214926000
1000.000000000000000 0.000042246642247 0.000003214926000 0.000003214926000
1000.000000000000000 0.000042368742369 0.000003214926000 0.000003214926000
1000.000000000000000 0.000042490842491 0.000003214926000 0.000003214926000
1000.000000000000000 0.000042612942613 0.000003214926000 0.000003214926000
1000.000000000000000 0.000042735042735 0.000003214926000 0.000003214926000
1000.000000000000000 0.000042857142857 0.000003214926000 0.000003214926000
1000.000000000000000 0.000042979242979 0.000003214926000 0.000003214926000
1000.000000000000000 0.000043101343101 0.000003214926000 0.000003214926000
1000.000000000000000 0.000043223443223 0.000003214926000 0.000003214926000
1000.000000000000000 0.000043345543346 0.000003214926000 0.000003214926000
1000.000000000000000 0.000043467643468 0.000003214926000 0.000003214926000
1000.000000000000000 0.000043589743590 0.000003214926000 0.000003214926000
1000.000000000000000 0.000043711843712 0.000003214926000 0.000003214926000
1000.000000000000000 0.000043833943834 0.000003214926000 0.000003214926000
1000.000000000000000 0.000043956043956 0.000003214926000 0.000003214926000
1000.000000000000000 0.000044078144078 0.000003214926000 0.000003214926000
1000.000000000000000 0.000044200244200 0.000003214926000 0.000003214926000
1000.000000000000000 0.000044322344322 0.000003214926000 0.000003214926000
1000.000000000000000 0.000044444444444 0.000003214926000 0.000003214926000
1000.000000000000000 0.000044566544567 0.000003214926000 0.000003214926000
1000.000000000000000 0.000044688644689 0.000003214926000 0.000003214926000
1000.000000000000000 0.000044810744811 0.000003214926000 0.000003214926000
1000.000000000000000 0.000044932844933 0.000003214926000 0.000003214926000
1000.000000000000000 0.000045054945055 0.000003214926000 0.000003214926000
1000.000000000000000 0.000045177045177 0.000003214926000 0.000003214926000
1000.000000000000000 0.000045299145299 0.000003214926000 0.000003214926000
1000.000000000000000 0.000045421245421 0.000003214926000 0.000003214926000
1000.000000000000000 0.000045543345543 0.000003214926000 0.000003214926000
1000.000000000000000 0.000045665445665 0.000003214926000 0.000003214926000
1000.000000000000000 0.000045787545788 0.000003214926000 0.000003214926000
1000.000000000000000 0.000045909645910 0.000003214926000 0.000003214926000
1000.000000000000000 0.000046031746032 0.000003214926000 0.000003214926000
1000.000000000000000 0.000046153846154 0.000003214926000 0.000003214926000
1000.000000000000000 0.000046275946276 0.000003214926000 0.000003214926000
1000.000000000000000 0.000046398046398 0.000003214926000 0.000003214926000
1000.000000000000000 0.000046520146520 0.000003214926000 0.000003214926000
1000.000000000000000 0.000046642246642 0.000003214926000 0.000003214926000
1000.000000000000000 0.000046764346764 0.000003214926000 0.000003214926000
1000.000000000000000 0.000046886446886 0.000003214926000 0.000003214926000
1000.000000000000000 0.000047008547009 0.000003214926000 0.000003214926000
1000.000000000000000 0.000047130647131 0.000003214926000 0.000003214926000
1000.000000000000000 0.000047252747253 0.000003214926000 0.000003214926000
1000.000000000000000 0.000047374847375 0.000003214926000 0.000003214926000
1000.000000000000000 0.000047496947497 0.000003214926000 0.000003214926000
1000.000000000000000 0.000047619047619 0.000003214926000 0.000003214926000
1000.000000000000000 0.000047741147741 0.000003214926000 0.000003214926000
1000.000000000000000 0.000047863247863 0.000003214926000 0.000003214926000
1000.000000000000000 0.000047985347985 0.000003214926000 0.000003214926000
1000.000000000000000 0.000048107448107 0.000003214926000 0.000003214926000
1000.000000000000000 0.000048229548230 0.000003214926000 0.000003214926000
1000.000000000000000 0.000048351648352 0.000003214926000 0.000003214926000
1000.000000000000000 0.000048473748474 0.000003214926000 0.000003214926000
1000.000000000000000 0.000048595848596 0.000003214926000 0.000003214926000
1000.000000000000000 0.000048717948718 0.000003214926000 0.000003214926000
1000.000000000000000 0.000048840048840 0.000003214926000 0.000003214926000
1000.000000000000000 0.000048962148962 0.000003214926000 0.000003214926000
1000.000000000000000 0.000049084249084 0.000003214926000 0.000003214926000
1000.000000000000000 0.000049206349206 0.000003214926000 0.000003214926000
1000.000000000000000 0.000049328449328 0.000003214926000 0.000003214926000
1000.000000000000000 0.000049450549451 0.000003214926000 0.000003214926000
1000.000000000000000 0.000049572649573 0.000003214926000 0.000003214926000
1000.000000000000000 0.000049694749695 0.000003214926000 0.000003214926000
1000.000000000000000 0.000049816849817 0.000003214926000 0.000003214926000
1000.000000000000000 0.000049938949939 0.000003214926000 0.000003214926000
1000.000000000000000 0.000050061050061 0.000003214926000 0.000003214926000
1000.000000000000000 0.000050183150183 0.000003214926000 0.000003214926000
1000.000000000000000 0.000050305250305 0.000003214926000 0.000003214926000
1000.000000000000000 0.000050427350427 0.000003214926000 0.000003214926000
1000.000000000000000 0.000050549450549 0.000003214926000 0.000003214926000
1000.000000000000000 0.000050671550672 0.000003214926000 0.000003214926000
1000.000000000000000 0.000050793650794 0.000003214926000 0.000003214926000
1000.000000000000000 0.000050915750916 0.000003214926000 0.000003214926000
1000.000000000000000 0.000051037851038 0.000003214926000 0.000003214926000
1000.000000000000000 0.000051159951160 0.000003214926000 0.000003214926000
1000.000000000000000 0.000051282051282 0.000003214926000 0.000003214926000
1000.000000000000000 0.000051404151404 0.000003214926000 0.000003214926000
1000.000000000000000 0.000051526251526 0.000003214926000 0.000003214926000
1000.000000000000000 0.000051648351648 0.000003214926000 0.000003214926000
1000.000000000000000 0.000051770451770 0.000003214926000 0.000003214926000
1000.000000000000000 0.000051892551893 0.000003214926000 0.000003214926000
1000.000000000000000 0.000052014652015 0.000003214926000 0.000003214926000
1000.000000000000000 0.000052136752137 0.000003214926000 0.000003214926000
1000.000000000000000 0.000052258852259 0.000003214926000 0.000003214926000
1000.000000000000000 0.000052380952381 0.000003214926000 0.000003214926000
1000.000000000000000 0.000052503052503 0.000003214926000 0.000003214926000
1000.000000000000000 0.000052625152625 0.000003214926000 0.000003214926000
1000.000000000000000 0.000052747252747 0.000003214926000 0.000003214926000
1000.000000000000000 0.000052869352869 0.000003214926000 0.000003214926000
1000.000000000000000 0.000052991452991 0.000003214926000 0.000003214926000
1000.000000000000000 0.000053113553114 0.000003214926000 0.000003214926000
1000.000000000000000 0.000053235653236 0.000003214926000 0.000003214926000
1000.000000000000000 0.000053357753358 0.000003214926000 0.000003214926000
1000.000000000000000 0.000053479853480 0.000003214926000 0.000003214926000
1000.000000000000000 0.000053601953602 0.000003214926000 0.000003214926000
1000.000000000000000 0.000053724053724 0.000003214926000 0.000003214926000
1000.000000000000000 0.000053846153846 0.000003214926000 0.000003214926000
1000.000000000000000 0.000053968253968 0.000003214926000 0.000003214926000
1000.000000000000000 0.000054090354090 0.000003214926000 0.000003214926000
1000.000000000000000 0.000054212454212 0.000003214926000 0.000003214926000
1000.000000000000000 0.000054334554335 0.000003214926000 0.000003214926000
1000.000000000000000 0.000054456654457 0.000003214926000 0.000003214926000
1000.000000000000000 0.000054578754579 0.000003214926000 0.000003214926000
1000.000000000000000 0.000054700854701 0.000003214926000 0.000003214926000
1000.000000000000000 0.000054822954823 0.000003214926000 0.000003214926000
1000.000000000000000 0.000054945054945 0.000003214926000 0.000003214926000
1000.000000000000000 0.000055067155067 0.000003214926000 0.000003214926000
1000.000000000000000 0.000055189255189 0.000003214926000 0.000003214926000
1000.000000000000000 0.000055311355311 0.000003214926000 0.000003214926000
1000.000000000000000 0.000055433455433 0.000003214926000 0.000003214926000
1000.000000000000000 0.000055555555556 0.000003214926000 0.000003214926000
1000.000000000000000 0.000055677655678 0.000003214926000 0.000003214926000
1000.000000000000000 0.000055799755800 0.000003214926000 0.000003214926000
1000.000000000000000 0.000055921855922 0.000003214926000 0.000003214926000
1000.000000000000000 0.000056043956044 0.000003214926000 0.000003214926000
1000.000000000000000 0.000056166056166 0.000003214926000 0.000003214926000
1000.000000000000000 0.000056288156288 0.000003214926000 0.000003214926000
1000.000000000000000 0.000056410256410 0.000003214926000 0.000003214926000
1000.000000000000000 0.000056532356532 0.000003214926000 0.000003214926000
1000.000000000000000 0.000056654456654 0.000003214926000 0.000003214926000
1000.000000000000000 0.000056776556777 0.000003214926000 0.000003214926000
1000.000000000000000 0.000056898656899 0.000003214926000 0.000003214926000
1000.000000000000000 0.000057020757021 0.000003214926000 0.000003214926000
1000.000000000000000 0.000057142857143 0.000003214926000 0.000003214926000
1000.000000000000000 0.000057264957265 0.000003214926000 0.000003214926000
1000.000000000000000 0.000057387057387 0.000003214926000 0.000003214926000
1000.000000000000000 0.000057509157509 0.000003214926000 0.000003214926000
1000.000000000000000 0.000057631257631 0.000003214926000 0.000003214926000
1000.000000000000000 0.000057753357753 0.000003214926000 0.000003214926000
1000.000000000000000 0.000057875457875 0.000003214926000 0.000003214926000
1000.000000000000000 0.000057997557998 0.000003214926000 0.000003214926000
1000.000000000000000 0.000058119658120 0.000003214926000 0.000003214926000
1000.000000000000000 0.000058241758242 0.000003214926000 0.000003214926000
1000.000000000000000 0.000058363858364 0.000003214926000 0.000003214926000
1000.000000000000000 0.000058485958486 0.000003214926000 0.000003214926000
1000.000000000000000 0.000058608058608 0.000003214926000 0.000003214926000
1000.000000000000000 0.000058730158730 0.000003214926000 0.000003214926000
1000.000000000000000 0.000058852258852 0.000003214926000 0.000003214926000
1000.000000000000000 0.000058974358974 0.000003214926000 0.000003214926000
1000.000000000000000 0.000059096459096 0.000003214926000 0.000003214926000
1000.000000000000000 0.000059218559219 0.000003214926000 0.000003214926000
1000.000000000000000 0.000059340659341 0.000003214926000 0.000003214926000
1000.000000000000000 0.000059462759463 0.000003214926000 0.000003214926000
1000.000000000000000 0.000059584859585 0.000003214926000 0.000003214926000
1000.000000000000000 0.000059706959707 0.000003214926000 0.000003214926000
1000.000000000000000 0.000059829059829 0.000003214926000 0.000003214926000
1000.000000000000000 0.000059951159951 0.000003214926000 0.000003214926000
1000.000000000000000 0.000060073260073 0.000003214926000 0.000003214926000
1000.000000000000000 0.000060195360195 0.000003214926000 0.000003214926000
1000.000000000000000 0.000060317460317 0.000003214926000 0.000003214926000
1000.000000000000000 0.000060439560440 0.000003214926000 0.000003214926000
1000.000000000000000 0.000060561660562 0.000003214926000 0.000003214926000
1000.000000000000000 0.000060683760684 0.000003214926000 0.000003214926000
1000.000000000000000 0.000060805860806 0.000003214926000 0.000003214926000
1000.000000000000000 0.000060927960928 0.000003214926000 0.000003214926000
1000.000000000000000 0.000061050061050 0.000003214926000 0.000003214926000
1000.000000000000000 0.000061172161172 0.000003214926000 0.000003214926000
1000.000000000000000 0.000061294261294 0.000003214926000 0.000003214926000
1000.000000000000000 0.000061416361416 0.000003214926000 0.000003214926000
1000.000000000000000 0.000061538461538 0.000003214926000 0.000003214926000
1000.000000000000000 0.000061660561661 0.000003214926000 0.000003214926000
1000.000000000000000 0.000061782661783 0.000003214926000 0.000003214926000
1000.000000000000000 0.000061904761905 0.000003214926000 0.000003214926000
1000.000000000000000 0.000062026862027 0.000003214926000 0.000003214926000
1000.000000000000000 0.000062148962149 0.000003214926000 0.000003214926000
1000.000000000000000 0.000062271062271 0.000003214926000 0.000003214926000
1000.000000000000000 0.000062393162393 0.000003214926000 0.000003214926000
1000.000000000000000 0.000062515262515 0.000003214926000 0.000003214926000
1000.000000000000000 0.000062637362637 0.000003214926000 0.000003214926000
1000.000000000000000 0.000062759462759 0.000003214926000 0.000003214926000
1000.000000000000000 0.000062881562882 0.000003214926000 0.000003214926000
1000.000000000000000 0.000063003663004 0.000003214926000 0.000003214926000
1000.000000000000000 0.000063125763126 0.000003214926000 0.000003214926000
1000.000000000000000 0.000063247863248 0.000003214926000 0.000003214926000
1000.000000000000000 0.000063369963370 0.000003214926000 0.000003214926000
1000.000000000000000 0.000063492063492 0.000003214926000 0.000003214926000
1000.000000000000000 0.000063614163614 0.000003214926000 0.000003214926000
1000.000000000000000 0.000063736263736 0.000003214926000 0.000003214926000
1000.000000000000000 0.000063858363858 0.000003214926000 0.000003214926000
1000.000000000000000 0.000063980463980 0.000003214926000 0.000003214926000
1000.000000000000000 0.000064102564103 0.000003214926000 0.000003214926000
1000.000000000000000 0.000064224664225 0.000003214926000 0.000003214926000
1000.000000000000000 0.000064346764347 0.000003214926000 0.000003214926000
1000.000000000000000 0.000064468864469 0.000003214926000 0.000003214926000
1000.000000000000000 0.000064590964591 0.000003214926000 0.000003214926000
1000.000000000000000 0.000064713064713 0.000003214926000 0.000003214926000
1000.000000000000000 0.000064835164835 0.000003214926000 0.000003214926000
1000.000000000000000 0.000064957264957 0.000003214926000 0.000003214926000
1000.000000000000000 0.000065079365079 0.000003214926000 0.000003214926000
1000.000000000000000 0.000065201465201 0.000003214926000 0.000003214926000
1000.000000000000000 0.000065323565324 0.000003214926000 0.000003214926000
1000.000000000000000 0.000065445665446 0.000003214926000 0.000003214926000
1000.000000000000000 0.000065567765568 0.000003214926000 0.000003214926000
1000.000000000000000 0.000065689865690 0.000003214926000 0.000003214926000
1000.000000000000000 0.000065811965812 0.000003214926000 0.000003214926000
1000.000000000000000 0.000065934065934 0.000003214926000 0.000003214926000
1000.000000000000000 0.000066056166056 0.000003214926000 0.000003214926000
1000.000000000000000 0.000066178266178 0.000003214926000 0.000003214926000
1000.000000000000000 0.000066300366300 0.000003214926000 0.000003214926000
1000.000000000000000 0.000066422466422 0.000003214926000 0.000003214926000
1000.000000000000000 0.000066544566545 0.000003214926000 0.000003214926000
1000.000000000000000 0.000066666666667 0.000003214926000 0.000003214926000
1000.000000000000000 0.000066788766789 0.000003214926000 0.000003214926000
1000.000000000000000 0.000066910866911 0.000003214926000 0.000003214926000
1000.000000000000000 0.000067032967033 0.000003214926000 0.000003214926000
1000.000000000000000 0.000067155067155 0.000003214926000 0.000003214926000
1000.000000000000000 0.000067277167277 0.000003214926000 0.000003214926000
1000.000000000000000 0.000067399267399 0.000003214926000 0.000003214926000
1000.000000000000000 0.000067521367521 0.000003214926000 0.000003214926000
1000.000000000000000 0.000067643467643 0.000003214926000 0.000003214926000
1000.000000000000000 0.000067765567766 0.000003214926000 0.000003214926000
1000.000000000000000 0.000067887667888 0.000003214926000 0.000003214926000
1000.000000000000000 0.000068009768010 0.000003214926000 0.000003214926000
1000.000000000000000 0.000068131868132 0.000003214926000 0.000003214926000
1000.000000000000000 0.000068253968254 0.000003214926000 0.000003214926000
1000.000000000000000 0.000068376068376 0.000003214926000 0.000003214926000
1000.000000000000000 0.000068498168498 0.000003214926000 0.000003214926000
1000.000000000000000 0.000068620268620 0.000003214926000 0.000003214926000
1000.000000000000000 0.000068742368742 0.000003214926000 0.000003214926000
1000.000000000000000 0.000068864468864 0.000003214926000 0.000003214926000
1000.000000000000000 0.000068986568987 0.000003214926000 0.000003214926000
1000.000000000000000 0.000069108669109 0.000003214926000 0.000003214926000
1000.000000000000000 0.000069230769231 0.000003214926000 0.000003214926000
1000.000000000000000 0.000069352869353 0.000003214926000 0.000003214926000
1000.000000000000000 0.000069474969475 0.000003214926000 0.000003214926000
1000.000000000000000 0.000069597069597 0.000003214926000 0.000003214926000
1000.000000000000000 0.000069719169719 0.000003214926000 0.000003214926000
1000.000000000000000 0.000069841269841 0.000003214926000 0.000003214926000
1000.000000000000000 0.000069963369963 0.000003214926000 0.000003214926000
1000.000000000000000 0.000070085470085 0.000003214926000 0.000003214926000
1000.000000000000000 0.000070207570208 0.000003214926000 0.000003214926000
1000.000000000000000 0.000070329670330 0.000003214926000 0.000003214926000
1000.000000000000000 0.000070451770452 0.000003214926000 0.000003214926000
1000.000000000000000 0.000070573870574 0.000003214926000 0.000003214926000
1000.000000000000000 0.000070695970696 0.000003214926000 0.000003214926000
1000.000000000000000 0.000070818070818 0.000003214926000 0.000003214926000
1000.000000000000000 0.000070940170940 0.000003214926000 0.000003214926000
1000.000000000000000 0.000071062271062 0.000003214926000 0.000003214926000
1000.000000000000000 0.000071184371184 0.000003214926000 0.000003214926000
1000.000000000000000 0.000071306471306 0.000003214926000 0.000003214926000
1000.000000000000000 0.000071428571429 0.000003214926000 0.000003214926000
1000.000000000000000 0.000071550671551 0.000003214926000 0.000003214926000
1000.000000000000000 0.000071672771673 0.000003214926000 0.000003214926000
1000.000000000000000 0.000071794871795 0.000003214926000 0.000003214926000
1000.000000000000000 0.000071916971917 0.000003214926000 0.000003214926000
1000.000000000000000 0.000072039072039 0.000003214926000 0.000003214926000
1000.000000000000000 0.000072161172161 0.000003214926000 0.000003214926000
1000.000000000000000 0.000072283272283 0.000003214926000 0.000003214926000
1000.000000000000000 0.000072405372405 0.000003214926000 0.000003214926000
1000.000000000000000 0.000072527472527 0.000003214926000 0.000003214926000
1000.000000000000000 0.000072649572650 0.000003214926000 0.000003214926000
1000.000000000000000 0.000072771672772 0.000003214926000 0.000003214926000
1000.000000000000000 0.000072893772894 0.000003214926000 0.000003214926000
1000.000000000000000 0.000073015873016 0.000003214926000 0.000003214926000
1000.000000000000000 0.000073137973138 0.000003214926000 0.000003214926000
1000.000000000000000 0.000073260073260 0.000003214926000 0.000003214926000
1000.000000000000000 0.000073382173382 0.000003214926000 0.000003214926000
1000.000000000000000 0.000073504273504 0.000003214926000 0.000003214926000
1000.000000000000000 0.000073626373626 0.000003214926000 0.000003214926000
1000.000000000000000 0.000073748473748 0.000003214926000 0.000003214926000
1000.000000000000000 0.000073870573871 0.000003214926000 0.000003214926000
1000.000000000000000 0.000073992673993 0.000003214926000 0.000003214926000
1000.000000000000000 0.000074114774115 0.000003214926000 0.000003214926000
1000.000000000000000 0.000074236874237 0.000003214926000 0.000003214926000
1000.000000000000000 0.000074358974359 0.000003214926000 0.000003214926000
1000.000000000000000 0.000074481074481 0.000003214926000 0.000003214926000
1000.000000000000000 0.000074603174603 0.000003214926000 0.000003214926000
1000.000000000000000 0.000074725274725 0.000003214926000 0.000003214926000
1000.000000000000000 0.000074847374847 0.000003214926000 0.000003214926000
1000.000000000000000 0.000074969474969 0.000003214926000 0.000003214926000
1000.000000000000000 0.000075091575092 0.000003214926000 0.000003214926000
1000.000000000000000 0.000075213675214 0.000003214926000 0.000003214926000
1000.000000000000000 0.000075335775336 0.000003214926000 0.000003214926000
1000.000000000000000 0.000075457875458 0.000003214926000 0.000003214926000
1000.000000000000000 0.000075579975580 0.000003214926000 0.000003214926000
1000.000000000000000 0.000075702075702 0.000003214926000 0.000003214926000
1000.000000000000000 0.000075824175824 0.000003214926000 0.000003214926000
1000.000000000000000 0.000075946275946 0.000003214926000 0.000003214926000
1000.000000000000000 0.000076068376068 0.000003214926000 0.000003214926000
1000.000000000000000 0.000076190476190 0.000003214926000 0.000003214926000
1000.000000000000000 0.000076312576313 0.000003214926000 0.000003214926000
1000.000000000000000 0.000076434676435 0.000003214926000 0.000003214926000
1000.000000000000000 0.000076556776557 0.000003214926000 0.000003214926000
1000.000000000000000 0.000076678876679 0.000003214926000 0.000003214926000
1000.000000000000000 0.000076800976801 0.000003214926000 0.000003214926000
1000.000000000000000 0.000076923076923 0.000003214926000 0.000003214926000
1000.000000000000000 0.000077045177045 0.000003214926000 0.000003214926000
1000.000000000000000 0.000077167277167 0.000003214926000 0.000003214926000
1000.000000000000000 0.000077289377289 0.000003214926000 0.000003214926000
1000.000000000000000 0.000077411477411 0.000003214926000 0.000003214926000
1000.000000000000000 0.000077533577534 0.000003214926000 0.000003214926000
1000.000000000000000 0.000077655677656 0.000003214926000 0.000003214926000
1000.000000000000000 0.000077777777778 0.000003214926000 0.000003214926000
1000.000000000000000 0.000077899877900 0.000003214926000 0.000003214926000
1000.000000000000000 0.000078021978022 0.000003214926000 0.000003214926000
1000.000000000000000 0.000078144078144 0.000003214926000 0.000003214926000
1000.000000000000000 0.000078266178266 0.000003214926000 0.000003214926000
1000.000000000000000 0.000078388278388 0.000003214926000 0.000003214926000
1000.000000000000000 0.000078510378510 0.000003214926000 0.000003214926000
1000.000000000000000 0.000078632478632 0.000003214926000 0.000003214926000
1000.000000000000000 0.000078754578755 0.000003214926000 0.000003214926000
1000.000000000000000 0.000078876678877 0.000003214926000 0.000003214926000
1000.000000000000000 0.000078998778999 0.000003214926000 0.000003214926000
1000.000000000000000 0.000079120879121 0.000003214926000 0.000003214926000
1000.000000000000000 0.000079242979243 0.000003214926000 0.000003214926000
1000.000000000000000 0.000079365079365 0.000003214926000 0.000003214926000
1000.000000000000000 0.000079487179487 0.000003214926000 0.000003214926000
1000.000000000000000 0.000079609279609 0.000003214926000 0.000003214926000
1000.000000000000000 0.000079731379731 0.000003214926000 0.000003214926000
1000.000000000000000 0.000079853479853 0.000003214926000 0.000003214926000
1000.000000000000000 0.000079975579976 0.000003214926000 0.000003214926000
1000.000000000000000 0.000080097680098 0.000003214926000 0.000003214926000
1000.000000000000000 0.000080219780220 0.000003214926000 0.000003214926000
1000.000000000000000 0.000080341880342 0.000003214926000 0.000003214926000
1000.000000000000000 0.000080463980464 0.000003214926000 0.000003214926000
1000.000000000000000 0.000080586080586 0.000003214926000 0.000003214926000
1000.000000000000000 0.000080708180708 0.000003214926000 0.000003214926000
1000.000000000000000 0.000080830280830 0.000003214926000 0.000003214926000
1000.000000000000000 0.000080952380952 0.000003214926000 0.000003214926000
1000.000000000000000 0.000081074481074 0.000003214926000 0.000003214926000
1000.000000000000000 0.000081196581197 0.000003214926000 0.000003214926000
1000.000000000000000 0.000081318681319 0.000003214926000 0.000003214926000
1000.000000000000000 0.000081440781441 0.000003214926000 0.000003214926000
1000.000000000000000 0.000081562881563 0.000003214926000 0.000003214926000
1000.000000000000000 0.000081684981685 0.000003214926000 0.000003214926000
1000.000000000000000 0.000081807081807 0.000003214926000 0.000003214926000
1000.000000000000000 0.000081929181929 0.000003214926000 0.000003214926000
1000.000000000000000 0.000082051282051 0.000003214926000 0.000003214926000
1000.000000000000000 0.000082173382173 0.000003214926000 0.000003214926000
1000.000000000000000 0.000082295482295 0.000003214926000 0.000003214926000
1000.000000000000000 0.000082417582418 0.000003214926000 0.000003214926000
1000.000000000000000 0.000082539682540 0.000003214926000 0.000003214926000
1000.000000000000000 0.000082661782662 0.000003214926000 0.000003214926000
1000.000000000000000 0.000082783882784 0.000003214926000 0.000003214926000
1000.000000000000000 0.000082905982906 0.000003214926000 0.000003214926000
1000.000000000000000 0.000083028083028 0.000003214926000 0.000003214926000
1000.000000000000000 0.000083150183150 0.000003214926000 0.000003214926000
1000.000000000000000 0.000083272283272 0.000003214926000 0.000003214926000
1000.000000000000000 0.000083394383394 0.000003214926000 0.000003214926000
1000.000000000000000 0.000083516483516 0.000003214926000 0.000003214926000
1000.000000000000000 0.000083638583639 0.000003214926000 0.000003214926000
1000.000000000000000 0.000083760683761 0.000003214926000 0.000003214926000
1000.000000000000000 0.000083882783883 0.000003214926000 0.000003214926000
1000.000000000000000 0.000084004884005 0.000003214926000 0.000003214926000
1000.000000000000000 0.000084126984127 0.000003214926000 0.000003214926000
1000.000000000000000 0.000084249084249 0.000003214926000 0.000003214926000
1000.000000000000000 0.000084371184371 0.000003214926000 0.000003214926000
1000.000000000000000 0.000084493284493 0.000003214926000 0.000003214926000
1000.000000000000000 0.000084615384615 0.000003214926000 0.000003214926000
1000.000000000000000 0.000084737484737 0.000003214926000 0.000003214926000
1000.000000000000000 0.000084859584860 0.000003214926000 0.000003214926000
1000.000000000000000 0.000084981684982 0.000003214926000 0.000003214926000
1000.000000000000000 0.000085103785104 0.000003214926000 0.000003214926000
1000.000000000000000 0.000085225885226 0.000003214926000 0.000003214926000
1000.000000000000000 0.000085347985348 0.000003214926000 0.000003214926000
1000.000000000000000 0.000085470085470 0.000003214926000 0.000003214926000
1000.000000000000000 0.000085592185592 0.000003214926000 0.000003214926000
1000.000000000000000 0.000085714285714 0.000003214926000 0.000003214926000
1000.000000000000000 0.000085836385836 0.000003214926000 0.000003214926000
1000.000000000000000 0.000085958485958 0.000003214926000 0.000003214926000
1000.000000000000000 0.000086080586081 0.000003214926000 0.000003214926000
1000.000000000000000 0.000086202686203 0.000003214926000 0.000003214926000
1000.000000000000000 0.000086324786325 0.000003214926000 0.000003214926000
1000.000000000000000 0.000086446886447 0.000003214926000 0.000003214926000
1000.000000000000000 0.000086568986569 0.000003214926000 0.000003214926000
1000.000000000000000 0.000086691086691 0.000003214926000 0.000003214926000
1000.000000000000000 0.000086813186813 0.000003214926000 0.000003214926000
1000.000000000000000 0.000086935286935 0.000003214926000 0.000003214926000
1000.000000000000000 0.000087057387057 0.000003214926000 0.000003214926000
1000.000000000000000 0.000087179487179 0.000003214926000 0.000003214926000
1000.000000000000000 0.000087301587302 0.000003214926000 0.000003214926000
1000.000000000000000 0.000087423687424 0.000003214926000 0.000003214926000
1000.000000000000000 0.000087545787546 0.000003214926000 0.000003214926000
1000.000000000000000 0.000087667887668 0.000003214926000 0.000003214926000
1000.000000000000000 0.000087789987790 0.000003214926000 0.000003214926000
1000.000000000000000 0.000087912087912 0.000003214926000 0.000003214926000
1000.000000000000000 0.000088034188034 0.000003214926000 0.000003214926000
1000.000000000000000 0.000088156288156 0.000003214926000 0.000003214926000
1000.000000000000000 0.000088278388278 0.000003214926000 0.000003214926000
1000.000000000000000 0.000088400488400 0.000003214926000 0.000003214926000
1000.000000000000000 0.000088522588523 0.000003214926000 0.000003214926000
1000.000000000000000 0.000088644688645 0.000003214926000 0.000003214926000
1000.000000000000000 0.000088766788767 0.000003214926000 0.000003214926000
1000.000000000000000 0.000088888888889 0.000003214926000 0.000003214926000
1000.000000000000000 0.000089010989011 0.000003214926000 0.000003214926000
1000.000000000000000 0.000089133089133 0.000003214926000 0.000003214926000
1000.000000000000000 0.000089255189255 0.000003214926000 0.000003214926000
1000.000000000000000 0.000089377289377 0.000003214926000 0.000003214926000
1000.000000000000000 0.000089499389499 0.000003214926000 0.000003214926000
1000.000000000000000 0.000089621489621 0.000003214926000 0.000003214926000
1000.000000000000000 0.000089743589744 0.000003214926000 0.000003214926000
1000.000000000000000 0.000089865689866 0.000003214926000 0.000003214926000
1000.000000000000000 0.000089987789988 0.000003214926000 0.000003214926000
1000.000000000000000 0.000090109890110 0.000003214926000 0.000003214926000
1000.000000000000000 0.000090231990232 0.000003214926000 0.000003214926000
1000.000000000000000 0.000090354090354 0.000003214926000 0.000003214926000
1000.000000000000000 0.000090476190476 0.000003214926000 0.000003214926000
1000.000000000000000 0.000090598290598 0.000003214926000 0.000003214926000
1000.000000000000000 0.000090720390720 0.000003214926000 0.000003214926000
1000.000000000000000 0.000090842490842 0.000003214926000 0.000003214926000
1000.000000000000000 0.000090964590965 0.000003214926000 0.000003214926000
1000.000000000000000 0.000091086691087 0.000003214926000 0.000003214926000
1000.000000000000000 0.000091208791209 0.000003214926000 0.000003214926000
1000.000000000000000 0.000091330891331 0.000003214926000 0.000003214926000
1000.000000000000000 0.000091452991453 0.000003214926000 0.000003214926000
1000.000000000000000 0.000091575091575 0.000003214926000 0.000003214926000
1000.000000000000000 0.000091697191697 0.000003214926000 0.000003214926000
1000.000000000000000 0.000091819291819 0.000003214926000 0.000003214926000
1000.000000000000000 0.000091941391941 0.000003214926000 0.000003214926000
1000.000000000000000 0.000092063492063 0.000003214926000 0.000003214926000
1000.000000000000000 0.000092185592186 0.000003214926000 0.000003214926000
1000.000000000000000 0.000092307692308 0.000003214926000 0.000003214926000
1000.000000000000000 0.000092429792430 0.000003214926000 0.000003214926000
1000.000000000000000 0.000092551892552 0.000003214926000 0.000003214926000
1000.000000000000000 0.000092673992674 0.000003214926000 0.000003214926000
1000.000000000000000 0.000092796092796 0.000003214926000 0.000003214926000
1000.000000000000000 0.000092918192918 0.000003214926000 0.000003214926000
1000.000000000000000 0.000093040293040 0.000003214926000 0.000003214926000
1000.000000000000000 0.000093162393162 0.000003214926000 0.000003214926000
1000.000000000000000 0.000093284493284 0.000003214926000 0.000003214926000
1000.000000000000000 0.000093406593407 0.000003214926000 0.000003214926000
1000.000000000000000 0.000093528693529 0.000003214926000 0.000003214926000
1000.000000000000000 0.000093650793651 0.000003214926000 0.000003214926000
1000.000000000000000 0.000093772893773 0.000003214926000 0.000003214926000
1000.000000000000000 0.000093894993895 0.000003214926000 0.000003214926000
1000.000000000000000 0.000094017094017 0.000003214926000 0.000003214926000
1000.000000000000000 0.000094139194139 0.000003214926000 0.000003214926000
1000.000000000000000 0.000094261294261 0.000003214926000 0.000003214926000
1000.000000000000000 0.000094383394383 0.000003214926000 0.000003214926000
1000.000000000000000 0.000094505494505 0.000003214926000 0.000003214926000
1000.000000000000000 0.000094627594628 0.000003214926000 0.000003214926000
1000.000000000000000 0.000094749694750 0.000003214926000 0.000003214926000
1000.000000000000000 0.000094871794872 0.000003214926000 0.000003214926000
1000.000000000000000 0.000094993894994 0.000003214926000 0.000003214926000
1000.000000000000000 0.000095115995116 0.000003214926000 0.000003214926000
1000.000000000000000 0.000095238095238 0.000003214926000 0.000003214926000
1000.000000000000000 0.000095360195360 0.000003214926000 0.000003214926000
1000.000000000000000 0.000095482295482 0.000003214926000 0.000003214926000
1000.000000000000000 0.000095604395604 0.000003214926000 0.000003214926000
1000.000000000000000 0.000095726495726 0.000003214926000 0.000003214926000
1000.000000000000000 0.000095848595849 0.000003214926000 0.000003214926000
1000.000000000000000 0.000095970695971 0.000003214926000 0.000003214926000
1000.000000000000000 0.000096092796093 0.000003214926000 0.000003214926000
1000.000000000000000 0.000096214896215 0.000003214926000 0.000003214926000
1000.000000000000000 0.000096336996337 0.000003214926000 0.000003214926000
1000.000000000000000 0.000096459096459 0.000003214926000 0.000003214926000
1000.000000000000000 0.000096581196581 0.000003214926000 0.000003214926000
1000.000000000000000 0.000096703296703 0.000003214926000 0.000003214926000
1000.000000000000000 0.000096825396825 0.000003214926000 0.000003214926000
1000.000000000000000 0.000096947496947 0.000003214926000 0.000003214926000
1000.000000000000000 0.000097069597070 0.000003214926000 0.000003214926000
1000.000000000000000 0.000097191697192 0.000003214926000 0.000003214926000
1000.000000000000000 0.000097313797314 0.000003214926000 0.000003214926000
1000.000000000000000 0.000097435897436 0.000003214926000 0.000003214926000
1000.000000000000000 0.000097557997558 0.000003214926000 0.000003214926000
1000.000000000000000 0.000097680097680 0.000003214926000 0.000003214926000
1000.000000000000000 0.000097802197802 0.000003214926000 0.000003214926000
1000.000000000000000 0.000097924297924 0.000003214926000 0.000003214926000
1000.000000000000000 0.000098046398046 0.000003214926000 0.000003214926000
1000.000000000000000 0.000098168498168 0.000003214926000 0.000003214926000
1000.000000000000000 0.000098290598291 0.000003214926000 0.000003214926000
1000.000000000000000 0.000098412698413 0.000003214926000 0.000003214926000
1000.000000000000000 0.000098534798535 0.000003214926000 0.000003214926000
1000.000000000000000 0.000098656898657 0.000003214926000 0.000003214926000
1000.000000000000000 0.000098778998779 0.000003214926000 0.000003214926000
1000.000000000000000 0.000098901098901 0.000003214926000 0.000003214926000
1000.000000000000000 0.000099023199023 0.000003214926000 0.000003214926000
1000.000000000000000 0.000099145299145 0.000003214926000 0.000003214926000
1000.000000000000000 0.000099267399267 0.000003214926000 0.000003214926000
1000.000000000000000 0.000099389499389 0.000003214926000 0.000003214926000
1000.000000000000000 0.000099511599512 0.000003214926000 0.000003214926000
1000.000000000000000 0.000099633699634 0.000003214926000 0.000003214926000
1000.000000000000000 0.000099755799756 0.000003214926000 0.000003214926000
1000.000000000000000 0.000099877899878 0.000003214926000 0.000003214926000
