0.000000000000000 0.000017113346195 0.500068453384780 0111111111 x111111 x000000 00000000001111111 11111111110000000
0.000000244498778 0.000299395918261 0.501197583673044 1000000000 x000000 x111111 00000000011111111 11111111100000000
0.000000488997555 0.000596330237890 0.502385320951560 1000000001 x000001 x111110 00000000011111111 11111111100000000
0.000000733496333 0.000899439438656 0.503597757754624 1000000011 x000011 x111100 00000000011111111 11111111100000000
0.000000977995110 0.001241391964139 0.504965567856556 1000000100 x000100 x111011 00000000011111111 11111111100000000
0.000001222493888 0.001535640825738 0.506142563302952 1000000101 x000101 x111010 00000000011111111 11111111100000000
0.000001466992665 0.001836048909136 0.507344195636544 1000000111 x000111 x111000 00000000011111111 11111111100000000
0.000001711491443 0.002140487529510 0.508561950118040 1000001000 x001000 x110111 00000000011111111 11111111100000000
0.000001955990220 0.002438266608888 0.509753066435552 1000001001 x001001 x110110 00000000011111111 11111111100000000
0.000002200488998 0.002740177901576 0.510960711606304 1000001010 x001010 x110101 00000000011111111 11111111100000000
0.000002444987775 0.003046858983188 0.512187435932752 1000001011 x001011 x110100 00000000011111111 11111111100000000
0.000002689486553 0.003376124680620 0.513504498722480 1000001101 x001101 x110010 00000000011111111 11111111100000000
0.000002933985330 0.003664641831158 0.514658567324632 1000001110 x001110 x110001 00000000011111111 11111111100000000
0.000003178484108 0.003969211870147 0.515876847480588 1000001111 x001111 x110000 00000000011111111 11111111100000000
0.000003422982885 0.004267645439738 0.517070581758952 1000010000 x010000 x101111 00000000011111111 11111111100000000
0.000003667481663 0.004605266594875 0.518421066379500 1000010010 x010010 x101101 00000000011111111 11111111100000000
0.000003911980440 0.004900549456633 0.519602197826532 1000010011 x010011 x101100 00000000011111111 11111111100000000
0.000004156479218 0.005190984677286 0.520763938709144 1000010100 x010100 x101011 00000000011111111 11111111100000000
0.000004400977995 0.005492330897474 0.521969323589896 1000010101 x010101 x101010 00000000011111111 11111111100000000
0.000004645476773 0.005795654763238 0.523182619052952 1000010111 x010111 x101000 00000000011111111 11111111100000000
0.000004889975550 0.006092193365995 0.524368773463980 1000011000 x011000 x100111 00000000011111111 11111111100000000
0.000005134474328 0.006420773817832 0.525683095271328 1000011001 x011001 x100110 00000000011111111 11111111100000000
0.000005378973105 0.006732438237066 0.526929752948264 1000011011 x011011 x100100 00000000011111111 11111111100000000
0.000005623471883 0.007016038449352 0.528064153797408 1000011100 x011100 x100011 00000000011111111 11111111100000000
0.000005867970660 0.007340142940541 0.529360571762164 1000011101 x011101 x100010 00000000011111111 11111111100000000
0.000006112469438 0.007635636996045 0.530542547984180 1000011110 x011110 x100001 00000000011111111 11111111100000000
0.000006356968215 0.007927757611751 0.531711030447004 1000011111 x011111 x100000 00000000011111111 11111111100000000
0.000006601466993 0.008259842070612 0.533039368282448 1000100001 x100001 x011110 00000000011111111 11111111100000000
0.000006845965770 0.008536350660148 0.534145402640592 1000100010 x100010 x011101 00000000011111111 11111111100000000
0.000007090464548 0.008864559407568 0.535458237630272 1000100011 x100011 x011100 00000000011111111 11111111100000000
0.000007334963325 0.009156698610126 0.536626794440504 1000100100 x100100 x011011 00000000011111111 11111111100000000
0.000007579462103 0.009486159766254 0.537944639065016 1000100110 x100110 x011001 00000000011111111 11111111100000000
0.000007823960880 0.009776038584372 0.539104154337488 1000100111 x100111 x011000 00000000011111111 11111111100000000
0.000008068459658 0.010095918572419 0.540383674289676 1000101000 x101000 x010111 00000000011111111 11111111100000000
0.000008312958435 0.010397685613509 0.541590742454036 1000101010 x101010 x010101 00000000011111111 11111111100000000
0.000008557457213 0.010685806390698 0.542743225562792 1000101011 x101011 x010100 00000000011111111 11111111100000000
0.000008801955990 0.011004547178695 0.544018188714780 1000101100 x101100 x010011 00000000011111111 11111111100000000
0.000009046454768 0.011326338815597 0.545305355262388 1000101101 x101101 x010010 00000000011111111 11111111100000000
0.000009290953545 0.011591942257518 0.546367769030072 1000101110 x101110 x010001 00000000011111111 11111111100000000
0.000009535452323 0.011912643874677 0.547650575498708 1000110000 x110000 x001111 00000000011111111 11111111100000000
0.000009779951100 0.012217320204251 0.548869280817004 1000110001 x110001 x001110 00000000011111111 11111111100000000
0.000010024449878 0.012531737034422 0.550126948137688 1000110010 x110010 x001101 00000000011111111 11111111100000000
0.000010268948655 0.012845581631680 0.551382326526720 1000110100 x110100 x001011 00000000011111111 11111111100000000
0.000010513447433 0.013110082852806 0.552440331411224 1000110101 x110101 x001010 00000000011111111 11111111100000000
0.000010757946210 0.013437289942378 0.553749159769512 1000110110 x110110 x001001 00000000011111111 11111111100000000
0.000011002444988 0.013783744567933 0.555134978271732 1000110111 x110111 x001000 00000000011111111 11111111100000000
0.000011246943765 0.014050276792279 0.556201107169116 1000111000 x111000 x000111 00000000011111111 11111111100000000
0.000011491442543 0.014343012515005 0.557372050060020 1000111010 x111010 x000101 00000000011111111 11111111100000000
0.000011735941320 0.014669961151943 0.558679844607772 1000111011 x111011 x000100 00000000011111111 11111111100000000
0.000011980440098 0.014986218039085 0.559944872156340 1000111100 x111100 x000011 00000000011111111 11111111100000000
0.000012224938875 0.015301295145170 0.561205180580680 1000111110 x111110 x000001 00000000011111111 11111111100000000
0.000012469437653 0.015579927550590 0.562319710202360 1000111111 x111111 x000000 00000000011111111 11111111100000000
0.000012713936430 0.015903075301483 0.563612301205932 1001000000 x000000 x111111 00000000111111111 11111111000000000
0.000012958435208 0.016192217034841 0.564768868139364 1001000001 x000001 x111110 00000000111111111 11111111000000000
0.000013202933985 0.016534588781343 0.566138355125372 1001000011 x000011 x111100 00000000111111111 11111111000000000
0.000013447432763 0.016798915070704 0.567195660282816 1001000100 x000100 x111011 00000000111111111 11111111000000000
0.000013691931540 0.017102279249995 0.568409116999980 1001000101 x000101 x111010 00000000111111111 11111111000000000
0.000013936430318 0.017427728497607 0.569710913990428 1001000110 x000110 x111001 00000000111111111 11111111000000000
0.000014180929095 0.017726692581765 0.570906770327060 1001001000 x001000 x110111 00000000111111111 11111111000000000
0.000014425427873 0.018061431058341 0.572245724233364 1001001001 x001001 x110110 00000000111111111 11111111000000000
0.000014669926650 0.018329268550230 0.573317074200920 1001001010 x001010 x110101 00000000111111111 11111111000000000
0.000014914425428 0.018638307021592 0.574553228086368 1001001011 x001011 x110100 00000000111111111 11111111000000000
0.000015158924205 0.018944186328212 0.575776745312848 1001001101 x001101 x110010 00000000111111111 11111111000000000
0.000015403422983 0.019269089487296 0.577076357949184 1001001110 x001110 x110001 00000000111111111 11111111000000000
0.000015647921760 0.019561597104072 0.578246388416288 1001001111 x001111 x110000 00000000111111111 11111111000000000
0.000015892420538 0.019883476831304 0.579533907325216 1001010000 x010000 x101111 00000000111111111 11111111000000000
0.000016136919315 0.020167057940435 0.580668231761740 1001010010 x010010 x101101 00000000111111111 11111111000000000
0.000016381418093 0.020499119609847 0.581996478439388 1001010011 x010011 x101100 00000000111111111 11111111000000000
0.000016625916870 0.020770522600211 0.583082090400844 1001010100 x010100 x101011 00000000111111111 11111111000000000
0.000016870415648 0.021100921483279 0.584403685933116 1001010101 x010101 x101010 00000000111111111 11111111000000000
0.000017114914425 0.021372671178831 0.585490684715324 1001010110 x010110 x101001 00000000111111111 11111111000000000
0.000017359413203 0.021701177746654 0.586804710986616 1001011000 x011000 x100111 00000000111111111 11111111000000000
0.000017603911980 0.022006873208861 0.588027492835444 1001011001 x011001 x100110 00000000111111111 11111111000000000
0.000017848410758 0.022303690165009 0.589214760660036 1001011010 x011010 x100101 00000000111111111 11111111000000000
0.000018092909535 0.022629526172468 0.590518104689872 1001011100 x011100 x100011 00000000111111111 11111111000000000
0.000018337408313 0.022915132084280 0.591660528337120 1001011101 x011101 x100010 00000000111111111 11111111000000000
0.000018581907090 0.023216300560303 0.592865202241212 1001011110 x011110 x100001 00000000111111111 11111111000000000
0.000018826405868 0.023535558150962 0.594142232603848 1001011111 x011111 x100000 00000000111111111 11111111000000000
0.000019070904645 0.023833126746956 0.595332506987824 1001100001 x100001 x011110 00000000111111111 11111111000000000
0.000019315403423 0.024153826692126 0.596615306768504 1001100010 x100010 x011101 00000000111111111 11111111000000000
0.000019559902200 0.024469450493628 0.597877801974512 1001100011 x100011 x011100 00000000111111111 11111111000000000
0.000019804400978 0.024768481312256 0.599073925249024 1001100100 x100100 x011011 00000000111111111 11111111000000000
0.000020048899756 0.025036152876752 0.600144611507008 1001100101 x100101 x011010 00000000111111111 11111111000000000
0.000020293398533 0.025367106781515 0.601468427126060 1001100111 x100111 x011000 00000000111111111 11111111000000000
0.000020537897311 0.025650837925387 0.602603351701548 1001101000 x101000 x010111 00000000111111111 11111111000000000
0.000020782396088 0.025980475953465 0.603921903813860 1001101001 x101001 x010110 00000000111111111 11111111000000000
0.000021026894866 0.026286235173284 0.605144940693136 1001101011 x101011 x010100 00000000111111111 11111111000000000
0.000021271393643 0.026562154362102 0.606248617448408 1001101100 x101100 x010011 00000000111111111 11111111000000000
0.000021515892421 0.026893629657617 0.607574518630468 1001101101 x101101 x010010 00000000111111111 11111111000000000
0.000021760391198 0.027187205428612 0.608748821714448 1001101110 x101110 x010001 00000000111111111 11111111000000000
0.000022004889976 0.027500006082881 0.610000024331524 1001110000 x110000 x001111 00000000111111111 11111111000000000
0.000022249388753 0.027801188661052 0.611204754644208 1001110001 x110001 x001110 00000000111111111 11111111000000000
0.000022493887531 0.028119702039339 0.612478808157356 1001110010 x110010 x001101 00000000111111111 11111111000000000
0.000022738386308 0.028417493164405 0.613669972657620 1001110011 x110011 x001100 00000000111111111 11111111000000000
0.000022982885086 0.028736439376287 0.614945757505148 1001110101 x110101 x001010 00000000111111111 11111111000000000
0.000023227383863 0.029049359044103 0.616197436176412 1001110110 x110110 x001001 00000000111111111 11111111000000000
0.000023471882641 0.029332012303234 0.617328049212936 1001110111 x110111 x001000 00000000111111111 11111111000000000
0.000023716381418 0.029631443628467 0.618525774513868 1001111000 x111000 x000111 00000000111111111 11111111000000000
0.000023960880196 0.029934713782830 0.619738855131320 1001111001 x111001 x000110 00000000111111111 11111111000000000
0.000024205378973 0.030271466498437 0.621085865993748 1001111011 x111011 x000100 00000000111111111 11111111000000000
0.000024449877751 0.030560673203648 0.622242692814592 1001111100 x111100 x000011 00000000111111111 11111111000000000
0.000024694376528 0.030872410707533 0.623489642830132 1001111101 x111101 x000010 00000000111111111 11111111000000000
0.000024938875306 0.031165976064714 0.624663904258856 1001111111 x111111 x000000 00000000111111111 11111111000000000
0.000025183374083 0.031497048672085 0.625988194688340 1010000000 x000000 x111111 00000001111111111 11111110000000000
0.000025427872861 0.031778566410343 0.627114265641372 1010000001 x000001 x111110 00000001111111111 11111110000000000
0.000025672371638 0.032086088680842 0.628344354723368 1010000010 x000010 x111101 00000001111111111 11111110000000000
0.000025916870416 0.032388797343081 0.629555189372324 1010000100 x000100 x111011 00000001111111111 11111110000000000
0.000026161369193 0.032704580129719 0.630818320518876 1010000101 x000101 x111010 00000001111111111 11111110000000000
0.000026405867971 0.033005953359972 0.632023813439888 1010000110 x000110 x111001 00000001111111111 11111110000000000
0.000026650366748 0.033309599001924 0.633238396007696 1010000111 x000111 x111000 00000001111111111 11111110000000000
0.000026894865526 0.033620940127878 0.634483760511512 1010001001 x001001 x110110 00000001111111111 11111110000000000
0.000027139364303 0.033920461665473 0.635681846661892 1010001010 x001010 x110101 00000001111111111 11111110000000000
0.000027383863081 0.034252197213771 0.637008788855084 1010001011 x001011 x110100 00000001111111111 11111110000000000
0.000027628361858 0.034532950344803 0.638131801379212 1010001100 x001100 x110011 00000001111111111 11111110000000000
0.000027872860636 0.034829662809759 0.639318651239036 1010001110 x001110 x110001 00000001111111111 11111110000000000
0.000028117359413 0.035143412084583 0.640573648338332 1010001111 x001111 x110000 00000001111111111 11111110000000000
0.000028361858191 0.035443549235129 0.641774196940516 1010010000 x010000 x101111 00000001111111111 11111110000000000
0.000028606356968 0.035760326169014 0.643041304676056 1010010001 x010001 x101110 00000001111111111 11111110000000000
0.000028850855746 0.036065135072046 0.644260540288184 1010010011 x010011 x101100 00000001111111111 11111110000000000
0.000029095354523 0.036386100274172 0.645544401096688 1010010100 x010100 x101011 00000001111111111 11111110000000000
0.000029339853301 0.036653372133313 0.646613488533252 1010010101 x010101 x101010 00000001111111111 11111110000000000
0.000029584352078 0.036950904535712 0.647803618142848 1010010110 x010110 x101001 00000001111111111 11111110000000000
0.000029828850856 0.037283601677763 0.649134406711052 1010011000 x011000 x100111 00000001111111111 11111110000000000
0.000030073349633 0.037588569171290 0.650354276685160 1010011001 x011001 x100110 00000001111111111 11111110000000000
0.000030317848411 0.037885754477087 0.651543017908348 1010011010 x011010 x100101 00000001111111111 11111110000000000
0.000030562347188 0.038197656173050 0.652790624692200 1010011011 x011011 x100100 00000001111111111 11111110000000000
0.000030806845966 0.038517429685597 0.654069718742388 1010011101 x011101 x100010 00000001111111111 11111110000000000
0.000031051344743 0.038818276979449 0.655273107917796 1010011110 x011110 x100001 00000001111111111 11111110000000000
0.000031295843521 0.039126253413561 0.656505013654244 1010011111 x011111 x100000 00000001111111111 11111110000000000
0.000031540342298 0.039419776708169 0.657679106832676 1010100000 x100000 x011111 00000001111111111 11111110000000000
0.000031784841076 0.039724451499601 0.658897805998404 1010100010 x100010 x011101 00000001111111111 11111110000000000
0.000032029339853 0.040050746103399 0.660202984413596 1010100011 x100011 x011100 00000001111111111 11111110000000000
0.000032273838631 0.040356193263124 0.661424773052496 1010100100 x100100 x011011 00000001111111111 11111110000000000
0.000032518337408 0.040653734303353 0.662614937213412 1010100101 x100101 x011010 00000001111111111 11111110000000000
0.000032762836186 0.040964846746592 0.663859386986368 1010100111 x100111 x011000 00000001111111111 11111110000000000
0.000033007334963 0.041263668671931 0.665054674687724 1010101000 x101000 x010111 00000001111111111 11111110000000000
0.000033251833741 0.041546923700169 0.666187694800676 1010101001 x101001 x010110 00000001111111111 11111110000000000
0.000033496332518 0.041866620202701 0.667466480810804 1010101010 x101010 x010101 00000001111111111 11111110000000000
0.000033740831296 0.042177997354770 0.668711989419080 1010101100 x101100 x010011 00000001111111111 11111110000000000
0.000033985330073 0.042481630797114 0.669926523188456 1010101101 x101101 x010010 00000001111111111 11111110000000000
0.000034229828851 0.042803331084892 0.671213324339568 1010101110 x101110 x010001 00000001111111111 11111110000000000
0.000034474327628 0.043097373489106 0.672389493956424 1010101111 x101111 x010000 00000001111111111 11111110000000000
0.000034718826406 0.043400102780139 0.673600411120556 1010110001 x110001 x001110 00000001111111111 11111110000000000
0.000034963325183 0.043690927740175 0.674763710960700 1010110010 x110010 x001101 00000001111111111 11111110000000000
0.000035207823961 0.044011179535659 0.676044718142636 1010110011 x110011 x001100 00000001111111111 11111110000000000
0.000035452322738 0.044308370332864 0.677233481331456 1010110100 x110100 x001011 00000001111111111 11111110000000000
0.000035696821516 0.044622521050878 0.678490084203512 1010110110 x110110 x001001 00000001111111111 11111110000000000
0.000035941320293 0.044936106979631 0.679744427918524 1010110111 x110111 x001000 00000001111111111 11111110000000000
0.000036185819071 0.045258545234710 0.681034180938840 1010111000 x111000 x000111 00000001111111111 11111110000000000
0.000036430317848 0.045519328633055 0.682077314532220 1010111001 x111001 x000110 00000001111111111 11111110000000000
0.000036674816626 0.045849616889007 0.683398467556028 1010111011 x111011 x000100 00000001111111111 11111110000000000
0.000036919315403 0.046146335392687 0.684585341570748 1010111100 x111100 x000011 00000001111111111 11111110000000000
0.000037163814181 0.046456024531878 0.685824098127512 1010111101 x111101 x000010 00000001111111111 11111110000000000
0.000037408312958 0.046731675576555 0.686926702306220 1010111110 x111110 x000001 00000001111111111 11111110000000000
0.000037652811736 0.047054928596484 0.688219714385936 1011000000 x000000 x111111 00000011111111111 11111100000000000
0.000037897310513 0.047355955083453 0.689423820333812 1011000001 x000001 x111110 00000011111111111 11111100000000000
0.000038141809291 0.047690278628815 0.690761114515260 1011000010 x000010 x111101 00000011111111111 11111100000000000
0.000038386308068 0.047991002298534 0.691964009194136 1011000011 x000011 x111100 00000011111111111 11111100000000000
0.000038630806846 0.048278371219763 0.693113484879052 1011000101 x000101 x111010 00000011111111111 11111100000000000
0.000038875305623 0.048602504626917 0.694410018507668 1011000110 x000110 x111001 00000011111111111 11111100000000000
0.000039119804401 0.048887504328228 0.695550017312912 1011000111 x000111 x111000 00000011111111111 11111100000000000
0.000039364303178 0.049212346234423 0.696849384937692 1011001000 x001000 x110111 00000011111111111 11111100000000000
0.000039608801956 0.049515275445954 0.698061101783816 1011001010 x001010 x110101 00000011111111111 11111100000000000
0.000039853300733 0.049821041580199 0.699284166320796 1011001011 x001011 x110100 00000011111111111 11111100000000000
0.000040097799511 0.050112600124512 0.700450400498048 1011001100 x001100 x110011 00000011111111111 11111100000000000
0.000040342298289 0.050433249011833 0.701732996047332 1011001101 x001101 x110010 00000011111111111 11111100000000000
0.000040586797066 0.050739025995271 0.702956103981084 1011001111 x001111 x110000 00000011111111111 11111100000000000
0.000040831295844 0.051039342839768 0.704157371359072 1011010000 x010000 x101111 00000011111111111 11111100000000000
0.000041075794621 0.051350246677797 0.705400986711188 1011010001 x010001 x101110 00000011111111111 11111100000000000
0.000041320293399 0.051642215501366 0.706568862005464 1011010010 x010010 x101101 00000011111111111 11111100000000000
0.000041564792176 0.051974152957780 0.707896611831120 1011010100 x010100 x101011 00000011111111111 11111100000000000
0.000041809290954 0.052263603444186 0.709054413776744 1011010101 x010101 x101010 00000011111111111 11111100000000000
0.000042053789731 0.052561730188439 0.710246920753756 1011010110 x010110 x101001 00000011111111111 11111100000000000
0.000042298288509 0.052896006829761 0.711584027319044 1011010111 x010111 x101000 00000011111111111 11111100000000000
0.000042542787286 0.053179560637108 0.712718242548432 1011011001 x011001 x100110 00000011111111111 11111100000000000
0.000042787286064 0.053496275843217 0.713985103372868 1011011010 x011010 x100101 00000011111111111 11111100000000000
0.000043031784841 0.053775948553728 0.715103794214912 1011011011 x011011 x100100 00000011111111111 11111100000000000
0.000043276283619 0.054075779697689 0.716303118790756 1011011100 x011100 x100011 00000011111111111 11111100000000000
0.000043520782396 0.054403735576205 0.717614942304820 1011011110 x011110 x100001 00000011111111111 11111100000000000
0.000043765281174 0.054715029248552 0.718860116994208 1011011111 x011111 x100000 00000011111111111 11111100000000000
0.000044009779951 0.055010387092454 0.720041548369816 1011100000 x100000 x011111 00000011111111111 11111100000000000
0.000044254278729 0.055321581194065 0.721286324776260 1011100001 x100001 x011110 00000011111111111 11111100000000000
0.000044498777506 0.055620464145869 0.722481856583476 1011100011 x100011 x011100 00000011111111111 11111100000000000
0.000044743276284 0.055928485978706 0.723713943914824 1011100100 x100100 x011011 00000011111111111 11111100000000000
0.000044987775061 0.056212004618195 0.724848018472780 1011100101 x100101 x011010 00000011111111111 11111100000000000
0.000045232273839 0.056535766144953 0.726143064579812 1011100110 x100110 x011001 00000011111111111 11111100000000000
0.000045476772616 0.056847859901901 0.727391439607604 1011101000 x101000 x010111 00000011111111111 11111100000000000
0.000045721271394 0.057130447855249 0.728521791420996 1011101001 x101001 x010110 00000011111111111 11111100000000000
0.000045965770171 0.057449740813436 0.729798963253744 1011101010 x101010 x010101 00000011111111111 11111100000000000
0.000046210268949 0.057758413740206 0.731033654960824 1011101011 x101011 x010100 00000011111111111 11111100000000000
0.000046454767726 0.058064015227583 0.732256060910332 1011101101 x101101 x010010 00000011111111111 11111100000000000
0.000046699266504 0.058380552808195 0.733522211232780 1011101110 x101110 x010001 00000011111111111 11111100000000000
0.000046943765281 0.058681792946658 0.734727171786632 1011101111 x101111 x010000 00000011111111111 11111100000000000
0.000047188264059 0.058988319250709 0.735953277002836 1011110000 x110000 x001111 00000011111111111 11111100000000000
0.000047432762836 0.059319444642279 0.737277778569116 1011110010 x110010 x001101 00000011111111111 11111100000000000
0.000047677261614 0.059590313397088 0.738361253588352 1011110011 x110011 x001100 00000011111111111 11111100000000000
0.000047921760391 0.059902175422911 0.739608701691644 1011110100 x110100 x001011 00000011111111111 11111100000000000
0.000048166259169 0.060216122368470 0.740864489473880 1011110101 x110101 x001010 00000011111111111 11111100000000000
0.000048410757946 0.060513697794337 0.742054791177348 1011110111 x110111 x001000 00000011111111111 11111100000000000
0.000048655256724 0.060826249670208 0.743304998680832 1011111000 x111000 x000111 00000011111111111 11111100000000000
0.000048899755501 0.061106074424312 0.744424297697248 1011111001 x111001 x000110 00000011111111111 11111100000000000
0.000049144254279 0.061409405308867 0.745637621235468 1011111010 x111010 x000101 00000011111111111 11111100000000000
0.000049388753056 0.061756992851374 0.747027971405496 1011111100 x111100 x000011 00000011111111111 11111100000000000
0.000049633251834 0.062034018640464 0.748136074561856 1011111101 x111101 x000010 00000011111111111 11111100000000000
0.000049877750611 0.062331634568649 0.749326538274596 1011111110 x111110 x000001 00000011111111111 11111100000000000
0.000050122249389 0.062676324403026 0.750705297612104 1011111111 x111111 x000000 00000011111111111 11111100000000000
0.000050366748166 0.062943860571057 0.751775442284228 1100000001 x000001 x111110 00000111111111111 11111000000000000
0.000050611246944 0.063278006666276 0.753112026665104 1100000010 x000010 x111101 00000111111111111 11111000000000000
0.000050855745721 0.063586861483320 0.754347445933280 1100000011 x000011 x111100 00000111111111111 11111000000000000
0.000051100244499 0.063890603319340 0.755562413277360 1100000100 x000100 x111011 00000111111111111 11111000000000000
0.000051344743276 0.064177422844964 0.756709691379856 1100000110 x000110 x111001 00000111111111111 11111000000000000
0.000051589242054 0.064502285566454 0.758009142265816 1100000111 x000111 x111000 00000111111111111 11111000000000000
0.000051833740831 0.064796550147945 0.759186200591780 1100001000 x001000 x110111 00000111111111111 11111000000000000
0.000052078239609 0.065119998500051 0.760479994000204 1100001001 x001001 x110110 00000111111111111 11111000000000000
0.000052322738386 0.065390185127560 0.761560740510240 1100001011 x001011 x110100 00000111111111111 11111000000000000
0.000052567237164 0.065698004765100 0.762792019060400 1100001100 x001100 x110011 00000111111111111 11111000000000000
0.000052811735941 0.066013612488114 0.764054449952456 1100001101 x001101 x110010 00000111111111111 11111000000000000
0.000053056234719 0.066350978949245 0.765403915796980 1100001111 x001111 x110000 00000111111111111 11111000000000000
0.000053300733496 0.066619814295468 0.766479257181872 1100010000 x010000 x101111 00000111111111111 11111000000000000
0.000053545232274 0.066926651377466 0.767706605509864 1100010001 x010001 x101110 00000111111111111 11111000000000000
0.000053789731051 0.067229736612169 0.768918946448676 1100010010 x010010 x101101 00000111111111111 11111000000000000
0.000054034229829 0.067549779368927 0.770199117475708 1100010011 x010011 x101100 00000111111111111 11111000000000000
0.000054278728606 0.067852196149749 0.771408784598996 1100010101 x010101 x101010 00000111111111111 11111000000000000
0.000054523227384 0.068155382869571 0.772621531478284 1100010110 x010110 x101001 00000111111111111 11111000000000000
0.000054767726161 0.068449608938959 0.773798435755836 1100010111 x010111 x101000 00000111111111111 11111000000000000
0.000055012224939 0.068778618918503 0.775114475674012 1100011000 x011000 x100111 00000111111111111 11111000000000000
0.000055256723716 0.069067480612324 0.776269922449296 1100011010 x011010 x100101 00000111111111111 11111000000000000
0.000055501222494 0.069353380146913 0.777413520587652 1100011011 x011011 x100100 00000111111111111 11111000000000000
0.000055745721271 0.069681297562794 0.778725190251176 1100011100 x011100 x100011 00000111111111111 11111000000000000
0.000055990220049 0.069986100837332 0.779944403349328 1100011101 x011101 x100010 00000111111111111 11111000000000000
0.000056234718826 0.070295590873388 0.781182363493552 1100011111 x011111 x100000 00000111111111111 11111000000000000
0.000056479217604 0.070599887331427 0.782399549325708 1100100000 x100000 x011111 00000111111111111 11111000000000000
0.000056723716381 0.070910481419049 0.783641925676196 1100100001 x100001 x011110 00000111111111111 11111000000000000
0.000056968215159 0.071217861970791 0.784871447883164 1100100010 x100010 x011101 00000111111111111 11111000000000000
0.000057212713936 0.071524917660118 0.786099670640472 1100100100 x100100 x011011 00000111111111111 11111000000000000
0.000057457212714 0.071826487841503 0.787305951366012 1100100101 x100101 x011010 00000111111111111 11111000000000000
0.000057701711491 0.072110865083113 0.788443460332452 1100100110 x100110 x011001 00000111111111111 11111000000000000
0.000057946210269 0.072422714773583 0.789690859094332 1100100111 x100111 x011000 00000111111111111 11111000000000000
0.000058190709046 0.072727931010128 0.790911724040512 1100101001 x101001 x010110 00000111111111111 11111000000000000
0.000058435207824 0.073043087464848 0.792172349859392 1100101010 x101010 x010101 00000111111111111 11111000000000000
0.000058679706601 0.073336337425521 0.793345349702084 1100101011 x101011 x010100 00000111111111111 11111000000000000
0.000058924205379 0.073674107471098 0.794696429884392 1100101100 x101100 x010011 00000111111111111 11111000000000000
0.000059168704156 0.073957844212737 0.795831376850948 1100101110 x101110 x010001 00000111111111111 11111000000000000
0.000059413202934 0.074250231227393 0.797000924909572 1100101111 x101111 x010000 00000111111111111 11111000000000000
0.000059657701711 0.074579584801969 0.798318339207876 1100110000 x110000 x001111 00000111111111111 11111000000000000
0.000059902200489 0.074884635745465 0.799538542981860 1100110001 x110001 x001110 00000111111111111 11111000000000000
0.000060146699267 0.075190012797737 0.800760051190948 1100110011 x110011 x001100 00000111111111111 11111000000000000
0.000060391198044 0.075505134955266 0.802020539821064 1100110100 x110100 x001011 00000111111111111 11111000000000000
0.000060635696822 0.075805367906747 0.803221471626988 1100110101 x110101 x001010 00000111111111111 11111000000000000
0.000060880195599 0.076091887927496 0.804367551709984 1100110110 x110110 x001001 00000111111111111 11111000000000000
0.000061124694377 0.076401946689026 0.805607786756104 1100111000 x111000 x000111 00000111111111111 11111000000000000
0.000061369193154 0.076711455850048 0.806845823400192 1100111001 x111001 x000110 00000111111111111 11111000000000000
0.000061613691932 0.077000949048823 0.808003796195292 1100111010 x111010 x000101 00000111111111111 11111000000000000
0.000061858190709 0.077336381925764 0.809345527703056 1100111011 x111011 x000100 00000111111111111 11111000000000000
0.000062102689487 0.077628808759459 0.810515235037836 1100111101 x111101 x000010 00000111111111111 11111000000000000
0.000062347188264 0.077936884093702 0.811747536374808 1100111110 x111110 x000001 00000111111111111 11111000000000000
0.000062591687042 0.078225536897197 0.812902147588788 1100111111 x111111 x000000 00000111111111111 11111000000000000
0.000062836185819 0.078538404294205 0.814153617176820 1101000000 x000000 x111111 00001111111111111 11110000000000000
0.000063080684597 0.078851074500503 0.815404298002012 1101000010 x000010 x111101 00001111111111111 11110000000000000
0.000063325183374 0.079184234810165 0.816736939240660 1101000011 x000011 x111100 00001111111111111 11110000000000000
0.000063569682152 0.079458643297060 0.817834573188240 1101000100 x000100 x111011 00001111111111111 11110000000000000
0.000063814180929 0.079760351574883 0.819041406299532 1101000101 x000101 x111010 00001111111111111 11110000000000000
0.000064058679707 0.080074671576414 0.820298686305656 1101000111 x000111 x111000 00001111111111111 11110000000000000
0.000064303178484 0.080378884141332 0.821515536565328 1101001000 x001000 x110111 00001111111111111 11110000000000000
0.000064547677262 0.080676686535927 0.822706746143708 1101001001 x001001 x110110 00001111111111111 11110000000000000
0.000064792176039 0.081003509618842 0.824014038475368 1101001010 x001010 x110101 00001111111111111 11110000000000000
0.000065036674817 0.081307993172300 0.825231972689200 1101001100 x001100 x110011 00001111111111111 11110000000000000
0.000065281173594 0.081586503838554 0.826346015354216 1101001101 x001101 x110010 00001111111111111 11110000000000000
0.000065525672372 0.081907755551569 0.827631022206276 1101001110 x001110 x110001 00001111111111111 11110000000000000
0.000065770171149 0.082217350238557 0.828869400954228 1101001111 x001111 x110000 00001111111111111 11110000000000000
0.000066014669927 0.082525291695180 0.830101166780720 1101010001 x010001 x101110 00001111111111111 11110000000000000
0.000066259168704 0.082812168605954 0.831248674423816 1101010010 x010010 x101101 00001111111111111 11110000000000000
0.000066503667482 0.083135257657209 0.832541030628836 1101010011 x010011 x101100 00001111111111111 11110000000000000
0.000066748166259 0.083420443105848 0.833681772423392 1101010100 x010100 x101011 00001111111111111 11110000000000000
0.000066992665037 0.083733136758078 0.834932547032312 1101010110 x010110 x101001 00001111111111111 11110000000000000
0.000067237163814 0.084049923599116 0.836199694396464 1101010111 x010111 x101000 00001111111111111 11110000000000000
0.000067481662592 0.084359512611811 0.837438050447244 1101011000 x011000 x100111 00001111111111111 11110000000000000
0.000067726161369 0.084659114358299 0.838636457433196 1101011001 x011001 x100110 00001111111111111 11110000000000000
0.000067970660147 0.084956346772352 0.839825387089408 1101011011 x011011 x100100 00001111111111111 11110000000000000
0.000068215158924 0.085255276762635 0.841021107050540 1101011100 x011100 x100011 00001111111111111 11110000000000000
0.000068459657702 0.085582813504559 0.842331254018236 1101011101 x011101 x100010 00001111111111111 11110000000000000
0.000068704156479 0.085881692162545 0.843526768650180 1101011110 x011110 x100001 00001111111111111 11110000000000000
0.000068948655257 0.086175173175194 0.844700692700776 1101100000 x100000 x011111 00001111111111111 11110000000000000
0.000069193154034 0.086479426427082 0.845917705708328 1101100001 x100001 x011110 00001111111111111 11110000000000000
0.000069437652812 0.086803757363129 0.847215029452516 1101100010 x100010 x011101 00001111111111111 11110000000000000
0.000069682151589 0.087106298858420 0.848425195433680 1101100011 x100011 x011100 00001111111111111 11110000000000000
0.000069926650367 0.087408704030095 0.849634816120380 1101100101 x100101 x011010 00001111111111111 11110000000000000
0.000070171149144 0.087713090781836 0.850852363127344 1101100110 x100110 x011001 00001111111111111 11110000000000000
0.000070415647922 0.087995596682988 0.851982386731952 1101100111 x100111 x011000 00001111111111111 11110000000000000
0.000070660146699 0.088338318011131 0.853353272044524 1101101000 x101000 x010111 00001111111111111 11110000000000000
0.000070904645477 0.088645781585905 0.854583126343620 1101101010 x101010 x010101 00001111111111111 11110000000000000
0.000071149144254 0.088943808284226 0.855775233136904 1101101011 x101011 x010100 00001111111111111 11110000000000000
0.000071393643032 0.089233550673365 0.856934202693460 1101101100 x101100 x010011 00001111111111111 11110000000000000
0.000071638141809 0.089564805688033 0.858259222752132 1101101101 x101101 x010010 00001111111111111 11110000000000000
0.000071882640587 0.089847158696475 0.859388634785900 1101101111 x101111 x010000 00001111111111111 11110000000000000
0.000072127139364 0.090147855512495 0.860591422049980 1101110000 x110000 x001111 00001111111111111 11110000000000000
0.000072371638142 0.090459878824919 0.861839515299676 1101110001 x110001 x001110 00001111111111111 11110000000000000
0.000072616136919 0.090783446349968 0.863133785399872 1101110010 x110010 x001101 00001111111111111 11110000000000000
0.000072860635697 0.091087769723403 0.864351078893612 1101110100 x110100 x001011 00001111111111111 11110000000000000
0.000073105134474 0.091391527319285 0.865566109277140 1101110101 x110101 x001010 00001111111111111 11110000000000000
0.000073349633252 0.091703932937342 0.866815731749368 1101110110 x110110 x001001 00001111111111111 11110000000000000
0.000073594132029 0.091990160043357 0.867960640173428 1101110111 x110111 x001000 00001111111111111 11110000000000000
0.000073838630807 0.092310870527221 0.869243482108884 1101111001 x111001 x000110 00001111111111111 11110000000000000
0.000074083129584 0.092615956603518 0.870463826414072 1101111010 x111010 x000101 00001111111111111 11110000000000000
0.000074327628362 0.092904874346611 0.871619497386444 1101111011 x111011 x000100 00001111111111111 11110000000000000
0.000074572127139 0.093213575294114 0.872854301176456 1101111100 x111100 x000011 00001111111111111 11110000000000000
0.000074816625917 0.093505876803187 0.874023507212748 1101111110 x111110 x000001 00001111111111111 11110000000000000
0.000075061124694 0.093827273166923 0.875309092667692 1101111111 x111111 x000000 00001111111111111 11110000000000000
0.000075305623472 0.094127392947850 0.876509571791400 1110000000 x000000 x111111 00011111111111111 11100000000000000
0.000075550122249 0.094448368333668 0.877793473334672 1110000001 x000001 x111110 00011111111111111 11100000000000000
0.000075794621027 0.094748372490836 0.878993489963344 1110000011 x000011 x111100 00011111111111111 11100000000000000
0.000076039119804 0.095052403085943 0.880209612343772 1110000100 x000100 x111011 00011111111111111 11100000000000000
0.000076283618582 0.095330237416445 0.881320949665780 1110000101 x000101 x111010 00011111111111111 11100000000000000
0.000076528117359 0.095652231476107 0.882608925904428 1110000110 x000110 x111001 00011111111111111 11100000000000000
0.000076772616137 0.095975839332807 0.883903357331228 1110001000 x001000 x110111 00011111111111111 11100000000000000
0.000077017114914 0.096275088368380 0.885100353473520 1110001001 x001001 x110110 00011111111111111 11100000000000000
0.000077261613692 0.096573845951915 0.886295383807660 1110001010 x001010 x110101 00011111111111111 11100000000000000
0.000077506112469 0.096884101226273 0.887536404905092 1110001011 x001011 x110100 00011111111111111 11100000000000000
0.000077750611247 0.097170357916299 0.888681431665196 1110001101 x001101 x110010 00011111111111111 11100000000000000
0.000077995110024 0.097485416271807 0.889941665087228 1110001110 x001110 x110001 00011111111111111 11100000000000000
0.000078239608802 0.097795173844840 0.891180695379360 1110001111 x001111 x110000 00011111111111111 11100000000000000
0.000078484107579 0.098095949265204 0.892383797060816 1110010000 x010000 x101111 00011111111111111 11100000000000000
0.000078728606357 0.098420752848436 0.893683011393744 1110010010 x010010 x101101 00011111111111111 11100000000000000
0.000078973105134 0.098722931131306 0.894891724525224 1110010011 x010011 x101100 00011111111111111 11100000000000000
0.000079217603912 0.099015265444157 0.896061061776628 1110010100 x010100 x101011 00011111111111111 11100000000000000
0.000079462102689 0.099343275585132 0.897373102340528 1110010110 x010110 x101001 00011111111111111 11100000000000000
0.000079706601467 0.099641590917887 0.898566363671548 1110010111 x010111 x101000 00011111111111111 11100000000000000
0.000079951100244 0.099934388720560 0.899737554882240 1110011000 x011000 x100111 00011111111111111 11100000000000000
0.000080195599022 0.100268577988962 0.901074311955848 1110011001 x011001 x100110 00011111111111111 11100000000000000
0.000080440097800 0.100564701026104 0.902258804104416 1110011011 x011011 x100100 00011111111111111 11100000000000000
0.000080684596577 0.100847297891135 0.903389191564540 1110011100 x011100 x100011 00011111111111111 11100000000000000
0.000080929095355 0.101170937437444 0.904683749749776 1110011101 x011101 x100010 00011111111111111 11100000000000000
0.000081173594132 0.101467325263735 0.905869301054940 1110011110 x011110 x100001 00011111111111111 11100000000000000
0.000081418092910 0.101755017667805 0.907020070671220 1110011111 x011111 x100000 00011111111111111 11100000000000000
0.000081662591687 0.102067437345324 0.908269749381296 1110100001 x100001 x011110 00011111111111111 11100000000000000
0.000081907090465 0.102396338425315 0.909585353701260 1110100010 x100010 x011101 00011111111111111 11100000000000000
0.000082151589242 0.102678619001312 0.910714476005248 1110100011 x100011 x011100 00011111111111111 11100000000000000
0.000082396088020 0.103002672276213 0.912010689104852 1110100100 x100100 x011011 00011111111111111 11100000000000000
0.000082640586797 0.103307135667663 0.913228542670652 1110100110 x100110 x011001 00011111111111111 11100000000000000
0.000082885085575 0.103598913380490 0.914395653521960 1110100111 x100111 x011000 00011111111111111 11100000000000000
0.000083129584352 0.103896864561847 0.915587458247388 1110101000 x101000 x010111 00011111111111111 11100000000000000
0.000083374083130 0.104220244779317 0.916880979117268 1110101001 x101001 x010110 00011111111111111 11100000000000000
0.000083618581907 0.104509838957643 0.918039355830572 1110101011 x101011 x010100 00011111111111111 11100000000000000
0.000083863080685 0.104810925184178 0.919243700736712 1110101100 x101100 x010011 00011111111111111 11100000000000000
0.000084107579462 0.105126539512771 0.920506158051084 1110101101 x101101 x010010 00011111111111111 11100000000000000
0.000084352078240 0.105464738895246 0.921858955580984 1110101111 x101111 x010000 00011111111111111 11100000000000000
0.000084596577017 0.105725050547383 0.922900202189532 1110110000 x110000 x001111 00011111111111111 11100000000000000
0.000084841075795 0.106056020603402 0.924224082413608 1110110001 x110001 x001110 00011111111111111 11100000000000000
0.000085085574572 0.106386023522418 0.925544094089672 1110110010 x110010 x001101 00011111111111111 11100000000000000
0.000085330073350 0.106675897449844 0.926703589799376 1110110100 x110100 x001011 00011111111111111 11100000000000000
0.000085574572127 0.106957105481241 0.927828421924964 1110110101 x110101 x001010 00011111111111111 11100000000000000
0.000085819070905 0.107284512179864 0.929138048719456 1110110110 x110110 x001001 00011111111111111 11100000000000000
0.000086063569682 0.107598124659087 0.930392498636348 1110110111 x110111 x001000 00011111111111111 11100000000000000
0.000086308068460 0.107866865335416 0.931467461341664 1110111000 x111000 x000111 00011111111111111 11100000000000000
0.000086552567237 0.108214221485039 0.932856885940156 1110111010 x111010 x000101 00011111111111111 11100000000000000
0.000086797066015 0.108507423030896 0.934029692123584 1110111011 x111011 x000100 00011111111111111 11100000000000000
0.000087041564792 0.108809634747077 0.935238538988308 1110111100 x111100 x000011 00011111111111111 11100000000000000
0.000087286063570 0.109115953912332 0.936463815649328 1110111110 x111110 x000001 00011111111111111 11100000000000000
0.000087530562347 0.109420920051386 0.937683680205544 1110111111 x111111 x000000 00011111111111111 11100000000000000
0.000087775061125 0.109712724791455 0.938850899165820 1111000000 x000000 x111111 00111111111111111 11000000000000000
0.000088019559902 0.110022055697482 0.940088222789928 1111000001 x000001 x111110 00111111111111111 11000000000000000
0.000088264058680 0.110324181237877 0.941296724951508 1111000010 x000010 x111101 00111111111111111 11000000000000000
0.000088508557457 0.110629662946931 0.942518651787724 1111000100 x000100 x111011 00111111111111111 11000000000000000
0.000088753056235 0.110916978769233 0.943667915076932 1111000101 x000101 x111010 00111111111111111 11000000000000000
0.000088997555012 0.111238226102130 0.944952904408520 1111000110 x000110 x111001 00111111111111111 11000000000000000
0.000089242053790 0.111559133206278 0.946236532825112 1111000111 x000111 x111000 00111111111111111 11000000000000000
0.000089486552567 0.111861416956627 0.947445667826508 1111001001 x001001 x110110 00111111111111111 11000000000000000
0.000089731051345 0.112177204460143 0.948708817840572 1111001010 x001010 x110101 00111111111111111 11000000000000000
0.000089975550122 0.112455308263467 0.949821233053868 1111001011 x001011 x110100 00111111111111111 11000000000000000
0.000090220048900 0.112766104898173 0.951064419592692 1111001100 x001100 x110011 00111111111111111 11000000000000000
0.000090464547677 0.113090435941121 0.952361743764484 1111001110 x001110 x110001 00111111111111111 11000000000000000
0.000090709046455 0.113375641787760 0.953502567151040 1111001111 x001111 x110000 00111111111111111 11000000000000000
0.000090953545232 0.113701364381756 0.954805457527024 1111010000 x010000 x101111 00111111111111111 11000000000000000
0.000091198044010 0.114002205958634 0.956008823834536 1111010001 x010001 x101110 00111111111111111 11000000000000000
0.000091442542787 0.114291125664605 0.957164502658420 1111010011 x010011 x101100 00111111111111111 11000000000000000
0.000091687041565 0.114618403060185 0.958473612240740 1111010100 x010100 x101011 00111111111111111 11000000000000000
0.000091931540342 0.114904979711984 0.959619918847936 1111010101 x010101 x101010 00111111111111111 11000000000000000
0.000092176039120 0.115226291359563 0.960905165438252 1111010111 x010111 x101000 00111111111111111 11000000000000000
0.000092420537897 0.115525215761383 0.962100863045532 1111011000 x011000 x100111 00111111111111111 11000000000000000
0.000092665036675 0.115847941517142 0.963391766068568 1111011001 x011001 x100110 00111111111111111 11000000000000000
0.000092909535452 0.116141075845648 0.964564303382592 1111011010 x011010 x100101 00111111111111111 11000000000000000
0.000093154034230 0.116474409745245 0.965897638980980 1111011100 x011100 x100011 00111111111111111 11000000000000000
0.000093398533007 0.116751769942780 0.967007079771120 1111011101 x011101 x100010 00111111111111111 11000000000000000
0.000093643031785 0.117055838784988 0.968223355139952 1111011110 x011110 x100001 00111111111111111 11000000000000000
0.000093887530562 0.117359243239391 0.969436972957564 1111011111 x011111 x100000 00111111111111111 11000000000000000
0.000094132029340 0.117685899737795 0.970743598951180 1111100001 x100001 x011110 00111111111111111 11000000000000000
0.000094376528117 0.117956562502837 0.971826250011348 1111100010 x100010 x011101 00111111111111111 11000000000000000
0.000094621026895 0.118275613154609 0.973102452618436 1111100011 x100011 x011100 00111111111111111 11000000000000000
0.000094865525672 0.118600807453815 0.974403229815260 1111100100 x100100 x011011 00111111111111111 11000000000000000
0.000095110024450 0.118880613813026 0.975522455252104 1111100101 x100101 x011010 00111111111111111 11000000000000000
0.000095354523227 0.119180921301538 0.976723685206152 1111100111 x100111 x011000 00111111111111111 11000000000000000
0.000095599022005 0.119481347212788 0.977925388851152 1111101000 x101000 x010111 00111111111111111 11000000000000000
0.000095843520782 0.119775712086733 0.979102848346932 1111101001 x101001 x010110 00111111111111111 11000000000000000
0.000096088019560 0.120118681660002 0.980474726640008 1111101011 x101011 x010100 00111111111111111 11000000000000000
0.000096332518337 0.120431499985419 0.981725999941676 1111101100 x101100 x010011 00111111111111111 11000000000000000
0.000096577017115 0.120713427975189 0.982853711900756 1111101101 x101101 x010010 00111111111111111 11000000000000000
0.000096821515892 0.121020983267379 0.984083933069516 1111101110 x101110 x010001 00111111111111111 11000000000000000
0.000097066014670 0.121335760983109 0.985343043932436 1111110000 x110000 x001111 00111111111111111 11000000000000000
0.000097310513447 0.121637967813109 0.986551871252436 1111110001 x110001 x001110 00111111111111111 11000000000000000
0.000097555012225 0.121929961764580 0.987719847058320 1111110010 x110010 x001101 00111111111111111 11000000000000000
0.000097799511002 0.122237734755133 0.988950939020532 1111110011 x110011 x001100 00111111111111111 11000000000000000
0.000098044009780 0.122545475072250 0.990181900289000 1111110100 x110100 x001011 00111111111111111 11000000000000000
0.000098288508557 0.122885276589104 0.991541106356416 1111110110 x110110 x001001 00111111111111111 11000000000000000
0.000098533007335 0.123150527592235 0.992602110368940 1111110111 x110111 x001000 00111111111111111 11000000000000000
0.000098777506112 0.123472137796880 0.993888551187520 1111111000 x111000 x000111 00111111111111111 11000000000000000
0.000099022004890 0.123770798093961 0.995083192375844 1111111001 x111001 x000110 00111111111111111 11000000000000000
0.000099266503667 0.124093796780571 0.996375187122284 1111111011 x111011 x000100 00111111111111111 11000000000000000
0.000099511002445 0.124390377973883 0.997561511895532 1111111100 x111100 x000011 00111111111111111 11000000000000000
0.000099755501222 0.124686531051700 0.998746124206800 1111111101 x111101 x000010 00111111111111111 11000000000000000
