0.000000 0.005817
0.000023 0.143902
0.000045 0.287162
0.000068 0.413697
0.000091 0.539989
0.000113 0.654996
0.000136 0.761752
0.000159 0.839842
0.000181 0.909171
0.000204 0.964506
0.000227 0.991287
0.000249 1.007583
0.000272 0.992728
0.000295 0.959465
0.000317 0.913353
0.000340 0.845256
0.000363 0.757553
0.000385 0.657882
0.000408 0.544001
0.000431 0.423529
0.000454 0.290930
0.000476 0.148470
0.000499 0.005759
0.000522 -0.134039
0.000544 -0.267436
0.000567 -0.404539
0.000590 -0.534318
0.000612 -0.641937
0.000635 -0.744724
0.000658 -0.836542
0.000680 -0.903514
0.000703 -0.951269
0.000726 -0.988513
0.000748 -0.993616
0.000771 -0.992032
0.000794 -0.963343
0.000816 -0.910885
0.000839 -0.845128
0.000862 -0.759701
0.000884 -0.657353
0.000907 -0.553015
0.000930 -0.421144
0.000952 -0.292320
0.000975 -0.156072
0.000998 -0.012274
0.001020 0.131654
0.001043 0.267488
0.001066 0.407095
0.001088 0.535496
0.001111 0.645577
0.001134 0.744787
0.001156 0.830783
0.001179 0.903896
0.001202 0.960430
0.001224 0.994446
0.001247 1.000261
0.001270 0.994298
0.001293 0.968027
0.001315 0.922788
0.001338 0.856822
0.001361 0.775428
0.001383 0.671140
0.001406 0.563683
0.001429 0.439026
0.001451 0.301608
0.001474 0.166150
0.001497 0.028435
0.001519 -0.113549
0.001542 -0.255177
0.001565 -0.394679
0.001587 -0.521782
0.001610 -0.634252
0.001633 -0.733479
0.001655 -0.823649
0.001678 -0.898900
0.001701 -0.947372
0.001723 -0.984478
0.001746 -0.994887
0.001769 -0.985745
0.001791 -0.965290
0.001814 -0.918912
0.001837 -0.852150
0.001859 -0.772684
0.001882 -0.668628
0.001905 -0.555342
0.001927 -0.441395
0.001950 -0.301194
0.001973 -0.170224
0.001995 -0.024828
0.002018 0.115497
0.002041 0.252751
0.002063 0.391254
0.002086 0.520592
0.002109 0.635883
0.002132 0.736089
0.002154 0.826193
0.002177 0.896757
0.002200 0.954075
0.002222 0.987938
0.002245 0.998362
0.002268 0.999595
0.002290 0.969112
0.002313 0.923698
0.002336 0.858100
0.002358 0.779662
0.002381 0.679364
0.002404 0.570311
0.002426 0.454404
0.002449 0.323364
0.002472 0.180223
0.002494 0.035395
0.002517 -0.099071
0.002540 -0.240285
0.002562 -0.379242
0.002585 -0.501822
0.002608 -0.621908
0.002630 -0.726110
0.002653 -0.820446
0.002676 -0.893081
0.002698 -0.947061
0.002721 -0.976700
0.002744 -0.999255
0.002766 -0.990632
0.002789 -0.961632
0.002812 -0.926663
0.002834 -0.856639
0.002857 -0.777540
0.002880 -0.677816
0.002902 -0.576125
0.002925 -0.448964
0.002948 -0.313602
0.002971 -0.180124
0.002993 -0.040642
0.003016 0.107506
0.003039 0.247912
0.003061 0.379958
0.003084 0.509721
0.003107 0.628766
0.003129 0.729683
0.003152 0.824232
0.003175 0.893080
0.003197 0.953888
0.003220 0.984510
0.003243 1.000577
0.003265 0.995620
0.003288 0.978665
0.003311 0.926882
0.003333 0.869828
0.003356 0.792275
0.003379 0.694209
0.003401 0.580996
0.003424 0.465490
0.003447 0.331129
0.003469 0.190866
0.003492 0.052214
0.003515 -0.092145
0.003537 -0.225459
0.003560 -0.369773
0.003583 -0.494318
0.003605 -0.609331
0.003628 -0.714447
0.003651 -0.807320
0.003673 -0.878617
0.003696 -0.935468
0.003719 -0.972890
0.003741 -0.992596
0.003764 -0.993239
0.003787 -0.974515
0.003810 -0.929059
0.003832 -0.865320
0.003855 -0.790281
0.003878 -0.696188
0.003900 -0.584806
0.003923 -0.463126
0.003946 -0.335181
0.003968 -0.191867
0.003991 -0.052192
0.004014 0.088236
0.004036 0.229430
0.004059 0.360975
0.004082 0.496725
0.004104 0.612528
0.004127 0.715082
0.004150 0.815902
0.004172 0.890008
0.004195 0.948811
0.004218 0.982141
0.004240 0.998744
0.004263 0.999676
0.004286 0.982135
0.004308 0.935341
0.004331 0.881336
0.004354 0.796724
0.004376 0.699493
0.004399 0.595507
0.004422 0.477293
0.004444 0.346434
0.004467 0.210904
0.004490 0.063130
0.004512 -0.071098
0.004535 -0.211302
0.004558 -0.355166
0.004580 -0.479916
0.004603 -0.600240
0.004626 -0.711894
0.004649 -0.803119
0.004671 -0.872444
0.004694 -0.938417
0.004717 -0.973556
0.004739 -0.992260
0.004762 -0.991813
0.004785 -0.972051
0.004807 -0.931760
0.004830 -0.876042
0.004853 -0.791569
0.004875 -0.704830
0.004898 -0.592280
0.004921 -0.470154
0.004943 -0.348990
0.004966 -0.209326
0.004989 -0.066889
0.005011 0.073910
0.005034 0.216660
0.005057 0.350652
0.005079 0.477865
0.005102 0.602826
0.005125 0.713089
0.005147 0.798129
0.005170 0.879454
0.005193 0.936934
0.005215 0.977530
0.005238 0.999065
0.005261 0.999594
0.005283 0.979490
0.005306 0.944709
0.005329 0.888118
0.005351 0.807099
0.005374 0.718351
0.005397 0.603456
0.005420 0.488692
0.005442 0.355916
0.005465 0.219741
0.005488 0.082281
0.005510 -0.060498
0.005533 -0.200140
0.005556 -0.333821
0.005578 -0.469835
0.005601 -0.585429
0.005624 -0.701475
0.005646 -0.793209
0.005669 -0.872004
0.005692 -0.926596
0.005714 -0.969064
0.005737 -0.994262
0.005760 -0.991970
0.005782 -0.975717
0.005805 -0.934679
0.005828 -0.884557
0.005850 -0.806647
0.005873 -0.715591
0.005896 -0.608424
0.005918 -0.488431
0.005941 -0.354741
0.005964 -0.223928
0.005986 -0.077657
0.006009 0.059493
0.006032 0.196689
0.006054 0.336010
0.006077 0.469900
0.006100 0.594835
0.006122 0.695242
0.006145 0.793192
0.006168 0.876222
0.006190 0.933844
0.006213 0.981633
0.006236 0.998985
0.006259 0.999322
0.006281 0.980671
0.006304 0.950738
0.006327 0.887425
0.006349 0.813849
0.006372 0.725226
0.006395 0.613834
0.006417 0.497251
0.006440 0.368760
0.006463 0.232799
0.006485 0.097122
0.006508 -0.046812
0.006531 -0.191408
0.006553 -0.325184
0.006576 -0.457095
0.006599 -0.572880
0.006621 -0.691819
0.006644 -0.779942
0.006667 -0.858573
0.006689 -0.921884
0.006712 -0.969743
0.006735 -0.989961
0.006757 -0.993301
0.006780 -0.983502
0.006803 -0.937579
0.006825 -0.889850
0.006848 -0.808787
0.006871 -0.720178
0.006893 -0.616587
0.006916 -0.494959
0.006939 -0.376621
0.006961 -0.233167
0.006984 -0.098257
0.007007 0.051109
0.007029 0.191351
0.007052 0.328674
0.007075 0.457043
0.007098 0.576830
0.007120 0.684160
0.007143 0.780272
0.007166 0.864133
0.007188 0.933923
0.007211 0.971964
0.007234 0.993620
0.007256 1.004665
0.007279 0.990391
0.007302 0.948227
0.007324 0.896785
0.007347 0.819666
0.007370 0.735995
0.007392 0.634600
0.007415 0.514760
0.007438 0.382526
0.007460 0.254797
0.007483 0.112093
0.007506 -0.029571
0.007528 -0.170905
0.007551 -0.309464
0.007574 -0.445261
0.007596 -0.567604
0.007619 -0.671909
0.007642 -0.776030
0.007664 -0.853759
0.007687 -0.916014
0.007710 -0.964538
0.007732 -0.989984
0.007755 -0.995698
0.007778 -0.979552
0.007800 -0.948072
0.007823 -0.894130
0.007846 -0.825728
0.007868 -0.734108
0.007891 -0.628780
0.007914 -0.508343
0.007937 -0.389753
0.007959 -0.250180
0.007982 -0.110343
0.008005 0.034706
0.008027 0.171100
0.008050 0.313467
0.008073 0.439971
0.008095 0.562127
0.008118 0.679043
0.008141 0.773936
0.008163 0.859336
0.008186 0.924323
0.008209 0.973768
0.008231 0.993459
0.008254 1.003858
0.008277 0.993986
0.008299 0.959462
0.008322 0.900529
0.008345 0.835104
0.008367 0.747943
0.008390 0.640850
0.008413 0.520735
0.008435 0.400800
0.008458 0.261843
0.008481 0.122549
0.008503 -0.019159
0.008526 -0.160014
0.008549 -0.294611
0.008571 -0.425649
0.008594 -0.555593
0.008617 -0.663693
0.008639 -0.763767
0.008662 -0.845689
0.008685 -0.918076
0.008707 -0.962084
0.008730 -0.986433
0.008753 -0.994065
0.008776 -0.987651
0.008798 -0.956048
0.008821 -0.897106
0.008844 -0.825369
0.008866 -0.742210
0.008889 -0.639564
0.008912 -0.521822
0.008934 -0.396642
0.008957 -0.262054
0.008980 -0.126676
0.009002 0.021982
0.009025 0.158179
0.009048 0.299971
0.009070 0.430754
0.009093 0.558506
0.009116 0.664519
0.009138 0.764608
0.009161 0.846961
0.009184 0.922203
0.009206 0.966870
0.009229 0.995458
0.009252 1.002244
0.009274 0.988800
0.009297 0.955033
0.009320 0.911813
0.009342 0.834537
0.009365 0.757184
0.009388 0.652053
0.009410 0.534558
0.009433 0.407185
0.009456 0.274581
0.009478 0.142561
0.009501 -0.003543
0.009524 -0.146895
0.009546 -0.283496
0.009569 -0.414598
0.009592 -0.546018
0.009615 -0.654600
0.009637 -0.757447
0.009660 -0.835516
0.009683 -0.905442
0.009705 -0.953426
0.009728 -0.986835
0.009751 -0.992829
0.009773 -0.984074
0.009796 -0.959768
0.009819 -0.906292
0.009841 -0.839032
0.009864 -0.748098
0.009887 -0.652519
0.009909 -0.533060
0.009932 -0.407712
0.009955 -0.273779
0.009977 -0.142469
